298.000    20.786   472.622   153.177   426.975   153.177
         400.000    20.785   474.742   159.296   411.024   153.996
         500.000    20.786   476.821   163.934   394.854   155.537
         600.000    20.786   478.899   167.724   378.265   157.262
         700.000    20.786   480.978   170.928   361.329   158.991
         800.000    20.786   483.057   173.704   344.094   160.660
         900.000    20.786   485.135   176.152   326.599   162.248
        1000.000    20.786   487.214   178.342   308.872   163.750
        1100.000    20.792   489.293   180.323   290.937   165.168
        1200.000    20.795   491.372   182.133   272.813   166.508
        1300.000    20.795   493.452   183.797   254.516   167.774
        1400.000    20.793   495.531   185.338   236.058   168.975
        1500.000    20.790   497.610   186.772   217.452   170.114
        1600.000    20.786   499.689   188.114   198.706   171.197
        1700.000    20.782   501.767   189.374   179.831   172.230
        1800.000    20.779   503.845   190.562   160.834   173.216
        1900.000    20.777   505.923   191.685   141.721   174.158
        2000.000    20.776   508.001   192.751   122.499   175.062
        2100.000    20.778   510.078   193.765   103.173   175.928
        2200.000    20.783   512.156   194.731    83.748   176.761
        2300.000    20.790   514.235   195.655    64.228   177.563
        2400.000    20.802   516.315   196.540    44.618   178.335
        2500.000    20.818   518.396   197.390    24.921   179.080
        2600.000    20.838   520.478   198.207     5.141   179.800
        2700.000    20.864   522.563   198.994   -14.719   180.497
        2800.000    20.894   524.651   199.753   -34.657   181.171
        2900.000    20.931   526.743   200.487   -54.669   181.825
        3000.000    20.974   528.838   201.197   -74.753   182.459
        3100.000    21.023   530.938   201.886   -94.908   183.074
        3200.000    21.080   533.043   202.554  -115.130   183.673
        3300.000    21.143   535.154   203.204  -135.418   184.255
        3400.000    21.214   537.271   203.836  -155.770   184.821
        3500.000    21.292   539.397   204.452  -176.185   185.373
        3600.000    21.378   541.530   205.053  -196.660   185.912
        3700.000    21.472   543.672   205.640  -217.195   186.437
        3800.000    21.575   545.825   206.214  -237.787   186.950
        3900.000    21.686   547.988   206.776  -258.437   187.451
        4000.000    21.805   550.162   207.326  -279.142   187.941
        4100.000    21.933   552.349   207.866  -299.902   188.420
        4200.000    22.070   554.549   208.396  -320.715   188.890
        4300.000    22.216   556.763   208.917  -341.581   189.350
        4400.000    22.371   558.993   209.430  -362.498   189.800
        4500.000    22.535   561.238   209.934  -383.466   190.242
        4600.000    22.708   563.500   210.431  -404.485   190.675
        4700.000    22.890   565.780   210.922  -425.552   191.101
        4800.000    23.082   568.079   211.406  -446.669   191.519
        4900.000    23.282   570.397   211.884  -467.833   191.930
        5000.000    23.491   572.735   212.356  -489.045   192.334