298.000    29.314     -.005   205.027   -61.103   205.027
         400.000    30.210     3.030   213.781   -82.482   206.192
         500.000    31.114     6.096   220.619  -104.213   208.416
         600.000    32.030     9.253   226.372  -126.570   210.941
         700.000    32.927    12.502   231.378  -149.463   213.511
         800.000    33.757    15.837   235.830  -172.827   216.027
         900.000    34.454    19.249   239.848  -196.614   218.454
        1000.000    34.935    22.720   243.505  -220.785   220.779
        1100.000    35.270    26.231   246.850  -245.305   223.000
        1200.000    35.592    29.774   249.933  -270.146   225.117
        1300.000    35.903    33.349   252.794  -295.284   227.138
        1400.000    36.202    36.954   255.466  -320.699   229.067
        1500.000    36.490    40.589   257.974  -346.372   230.911
        1600.000    36.768    44.252   260.338  -372.289   232.677
        1700.000    37.036    47.942   262.575  -398.435   234.371
        1800.000    37.295    51.659   264.699  -424.800   235.997
        1900.000    37.546    55.401   266.722  -451.372   237.561
        2000.000    37.788    59.167   268.654  -478.141   239.068
        2100.000    38.023    62.958   270.504  -505.100   240.521
        2200.000    38.250    66.772   272.278  -532.239   241.925
        2300.000    38.470    70.608   273.983  -559.553   243.282
        2400.000    38.684    74.465   275.625  -587.034   244.595
        2500.000    38.891    78.344   277.208  -614.676   245.868
        2600.000    39.093    82.244   278.737  -642.474   247.103
        2700.000    39.289    86.163   280.216  -670.422   248.302
        2800.000    39.479    90.101   281.649  -698.515   249.468
        2900.000    39.665    94.058   283.037  -726.750   250.602
        3000.000    39.846    98.034   284.385  -755.121   251.705
        3100.000    40.022   102.027   285.695  -783.626   252.781
        3200.000    40.194   106.038   286.968  -812.259   253.829
        3300.000    40.362   110.066   288.207  -841.018   254.852
        3400.000    40.526   114.111   289.415  -869.900   255.851
        3500.000    40.686   118.171   290.592  -898.900   256.827
        3600.000    40.842   122.248   291.740  -928.017   257.781
        3700.000    40.994   126.339   292.861  -957.247   258.714
        3800.000    41.142   130.446   293.956  -986.588   259.627
        3900.000    41.287   134.568   295.027 -1016.038   260.521
        4000.000    41.428   138.704   296.074 -1045.593   261.397
        4100.000    41.566   142.853   297.099 -1075.252   262.255
        4200.000    41.700   147.017   298.102 -1105.012   263.097
        4300.000    41.830   151.193   299.085 -1134.872   263.922
        4400.000    41.956   155.382   300.048 -1164.828   264.733
        4500.000    42.079   159.584   300.992 -1194.881   265.528
        4600.000    42.197   163.798   301.918 -1225.026   266.309
        4700.000    42.311   168.024   302.827 -1255.264   267.076
        4800.000    42.421   172.260   303.719 -1285.591   267.830
        4900.000    42.526   176.508   304.595 -1316.007   268.572
        5000.000    42.627   180.765   305.455 -1346.510   269.301
