   0.0 	  194.0 	  194.0 
   0.5 	  117.7 	  108.8 
   1.0 	  121.6 	   99.7 
   1.5 	  129.5 	  113.3 
   2.0 	  160.7 	  149.4 
   2.5 	  109.9 	  103.1 
   3.0 	  108.9 	   88.0 
   3.5 	  118.1 	  108.9 
   4.0 	  154.9 	  142.6 
   4.5 	  120.6 	  104.9 
   5.0 	  115.1 	   99.3 
   5.5 	  121.9 	   99.7 
   6.0 	  154.7 	  132.5 
   6.5 	  124.1 	  100.0 
   7.0 	  113.6 	   94.5 
   7.5 	  115.8 	   95.9 
   8.0 	  141.1 	  113.7 
   8.5 	  115.1 	   84.8 
   9.0 	  104.4 	   71.5 
   9.5 	  114.1 	   82.2 
  10.0 	  135.8 	  105.0 
  10.5 	  118.3 	   83.1 
  11.0 	  113.2 	   80.3 
  11.5 	  115.5 	   78.8 
  12.0 	  140.5 	  112.1 
  12.5 	  115.9 	   94.5 
  13.0 	  121.2 	   92.7 
  13.5 	  114.6 	   96.3 
  14.0 	  136.1 	  117.3 
  14.5 	  115.2 	  101.7 
  15.0 	  125.3 	   93.1 
  15.5 	  122.3 	   86.7 
  16.0 	  137.3 	  100.3 
  16.5 	  113.7 	   85.7 
  17.0 	  113.2 	   83.8 
  17.5 	  112.4 	   76.7 
  18.0 	  126.2 	   92.9 
  18.5 	   85.3 	   71.2 
  19.0 	   97.2 	   69.0 
  19.5 	  103.7 	   78.7 
  20.0 	  116.6 	   88.0 
  20.5 	  106.1 	   76.4 
  21.0 	  114.4 	   88.1 
  21.5 	  108.3 	   84.0 
  22.0 	  124.2 	   81.9 
  22.5 	   97.5 	   69.0 
  23.0 	  113.0 	   77.4 
  23.5 	   95.8 	   76.3 
  24.0 	  115.4 	   74.6 
  24.5 	   97.6 	   70.7 
  25.0 	  106.9 	   52.4 
  25.5 	   97.1 	   66.2 
  26.0 	  109.8 	   75.4 
  26.5 	   96.1 	   68.2 
  27.0 	   94.7 	   67.7 
  27.5 	   95.5 	   62.6 
  28.0 	  105.3 	   74.5 
  28.5 	   95.2 	   70.9 
  29.0 	   90.4 	   70.0 
  29.5 	  101.3 	   65.3 
  30.0 	  113.0 	   77.1 
  30.5 	   93.6 	   67.9 
  31.0 	  103.0 	   73.6 
  31.5 	  104.7 	   61.8 
  32.0 	  114.9 	   75.3 
  32.5 	   92.2 	   65.2 
  33.0 	   99.6 	   65.0 
  33.5 	   99.5 	   60.7 
  34.0 	  111.1 	   73.4 
  34.5 	   90.8 	   68.8 
  35.0 	   96.9 	   66.4 
  35.5 	   96.5 	   58.4 
  36.0 	  106.7 	   68.6 
  36.5 	   91.0 	   66.4 
  37.0 	   85.0 	   67.4 
  37.5 	   94.4 	   63.0 
  38.0 	  100.1 	   63.1 
  38.5 	   85.1 	   63.7 
  39.0 	   96.0 	   58.9 
  39.5 	   96.4 	   66.4 
  40.0 	  102.7 	   71.5 
  40.5 	   94.3 	   63.4 
  41.0 	  100.4 	   68.2 
  41.5 	   93.6 	   62.6 
  42.0 	  100.5 	   67.7 
  42.5 	   91.7 	   62.6 
  43.0 	   97.3 	   62.7 
  43.5 	   81.0 	   69.3 
  44.0 	   83.7 	   68.1 
  44.5 	   87.6 	   66.7 
  45.0 	   89.8 	   64.1 
  45.5 	   87.9 	   65.0 
  46.0 	   81.9 	   64.9 
  46.5 	   79.2 	   70.5 
  47.0 	   85.7 	   63.9 
  47.5 	   87.8 	   62.3 
  48.0 	   90.8 	   65.1 
  48.5 	   77.1 	   53.6 
  49.0 	   89.4 	   61.6 
  49.5 	   83.3 	   65.6 
  50.0 	   92.1 	   65.0 
  50.5 	   72.7 	   65.1 
  51.0 	   81.4 	   68.4 
  51.5 	   90.2 	   67.4 
  52.0 	   93.3 	   69.1 
  52.5 	   83.1 	   67.6 
  53.0 	   88.4 	   61.0 
  53.5 	   87.9 	   58.6 
  54.0 	   93.3 	   69.7 
  54.5 	   86.7 	   64.8 
  55.0 	   83.1 	   66.2 
  55.5 	   89.8 	   66.0 
  56.0 	   81.5 	   61.8 
  56.5 	   75.0 	   64.5 
  57.0 	   88.0 	   65.8 
  57.5 	   80.3 	   62.8 
  58.0 	   85.1 	   66.1 
  58.5 	   85.8 	   52.6 
  59.0 	   89.1 	   64.8 
  59.5 	   45.8 	   55.3 
  60.0 	   87.7 	   63.6 
  60.5 	   90.7 	   56.6 
  61.0 	   81.9 	   64.8 
  61.5 	   90.9 	   66.8 
  62.0 	   82.1 	   63.1 
  62.5 	   82.1 	   63.4 
  63.0 	   77.7 	   56.7 
  63.5 	   90.9 	   66.3 
  64.0 	   91.4 	   63.9 
  64.5 	   84.0 	   57.7 
  65.0 	   87.8 	   64.8 
  65.5 	   91.3 	   62.5 
  66.0 	   88.5 	   68.3 
  66.5 	   92.2 	   67.5 
  67.0 	   86.1 	   76.0 
  67.5 	   86.8 	   70.2 
  68.0 	   84.7 	   75.3 
  68.5 	   85.2 	   71.2 
  69.0 	   88.5 	   75.4 
  69.5 	   82.2 	   74.5 
  70.0 	   90.2 	   72.8 
  70.5 	   84.9 	   71.2 
  71.0 	   82.3 	   68.2 
  71.5 	   84.4 	   72.5 
  72.0 	   86.6 	   70.5 
  72.5 	   88.4 	   70.3 
  73.0 	   83.9 	   73.2 
  73.5 	   82.9 	   70.9 
  74.0 	   80.0 	   74.2 
  74.5 	   80.9 	   74.1 
  75.0 	   84.0 	   74.6 
  75.5 	   70.1 	   73.7 
  76.0 	   89.6 	   67.8 
  76.5 	   82.8 	   73.8 
  77.0 	   91.8 	   76.0 
  77.5 	   88.7 	   72.0 
  78.0 	   87.7 	   63.0 
  78.5 	   86.0 	   69.5 
  79.0 	   85.1 	   62.6 
  79.5 	   91.5 	   68.3 
  80.0 	   89.5 	   64.1 
  80.5 	   69.5 	   70.3 
  81.0 	   65.8 	   57.4 
  81.5 	   89.9 	   66.8 
  82.0 	   84.2 	   66.1 
  82.5 	   79.2 	   48.9 
  83.0 	   78.0 	   71.2 
  83.5 	   80.1 	   67.4 
  84.0 	   88.0 	   65.6 
  84.5 	   84.7 	   61.6 
  85.0 	   81.2 	   70.9 
  85.5 	   87.5 	   69.5 
  86.0 	   93.5 	   58.7 
  86.5 	   86.0 	   65.4 
  87.0 	   90.3 	   66.8 
  87.5 	   89.5 	   64.5 
  88.0 	   90.9 	   56.2 
  88.5 	   81.8 	   59.7 
  89.0 	   83.0 	   64.0 
  89.5 	   83.5 	   72.0 
  90.0 	   84.2 	   64.2 
  90.5 	   81.7 	   61.4 
  91.0 	   69.1 	   67.6 
  91.5 	   79.2 	   65.0 
  92.0 	   85.3 	   66.2 
  92.5 	   87.0 	   59.1 
  93.0 	   71.1 	   61.6 
  93.5 	   87.0 	   66.4 
  94.0 	   88.4 	   61.2 
  94.5 	   88.8 	   62.3 
  95.0 	   73.3 	   47.7 
  95.5 	   84.4 	   60.5 
  96.0 	   87.0 	   51.9 
  96.5 	   85.7 	   66.2 
  97.0 	   81.7 	   58.0 
  97.5 	   82.6 	   64.5 
  98.0 	   83.3 	   57.9 
  98.5 	   82.4 	   59.3 
  99.0 	   85.0 	   56.7 
  99.5 	   80.6 	   60.7 
 100.0 	   72.2 	   56.7 
 100.5 	   82.2 	   61.9 
 101.0 	   83.4 	   46.8 
 101.5 	   68.7 	   46.9 
 102.0 	   70.2 	   37.4 
 102.5 	   81.6 	   62.0 
 103.0 	   81.8 	   55.9 
 103.5 	   72.6 	   60.9 
 104.0 	   76.2 	   51.7 
 104.5 	   79.2 	   57.5 
 105.0 	   85.0 	   58.2 
 105.5 	   68.5 	   58.3 
 106.0 	   76.9 	   56.9 
 106.5 	   75.0 	   55.7 
 107.0 	   83.3 	   52.8 
 107.5 	   68.2 	   62.0 
 108.0 	   76.0 	   59.3 
 108.5 	   73.1 	   64.6 
 109.0 	   80.1 	   47.2 
 109.5 	   77.2 	   58.2 
 110.0 	   73.5 	   59.2 
 110.5 	   71.1 	   59.0 
 111.0 	   77.3 	   62.5 
 111.5 	   78.5 	   59.1 
 112.0 	   72.3 	   64.2 
 112.5 	   73.8 	   62.4 
 113.0 	   79.5 	   60.0 
 113.5 	   76.3 	   53.2 
 114.0 	   63.7 	   58.7 
 114.5 	   71.3 	   63.4 
 115.0 	   79.7 	   61.2 
 115.5 	   74.1 	   60.7 
 116.0 	   63.5 	   60.9 
 116.5 	   66.0 	   54.3 
 117.0 	   78.9 	   53.8 
 117.5 	   74.6 	   56.7 
 118.0 	   70.4 	   57.8 
 118.5 	   70.4 	   50.2 
 119.0 	   75.4 	   59.3 
 119.5 	   72.3 	   50.8 
 120.0 	   69.3 	   61.3 
 120.5 	   67.9 	   51.3 
 121.0 	   70.4 	   59.9 
 121.5 	   67.3 	   53.3 
 122.0 	   67.5 	   53.3 
 122.5 	   66.2 	   54.1 
 123.0 	   70.9 	   56.3 
 123.5 	   64.5 	   47.5 
 124.0 	   58.3 	   58.2 
 124.5 	   67.0 	   58.5 
 125.0 	   73.8 	   52.0 
 125.5 	   65.1 	   52.0 
 126.0 	   67.8 	   60.9 
 126.5 	   67.6 	   48.3 
 127.0 	   66.5 	   59.8 
 127.5 	   65.9 	   53.4 
 128.0 	   62.9 	   52.6 
 128.5 	   64.6 	   54.2 
 129.0 	   60.0 	   56.8 
 129.5 	   56.0 	   59.4 
 130.0 	   67.2 	   54.6 
 130.5 	   65.8 	   51.2 
 131.0 	   63.0 	   41.5 
 131.5 	   68.5 	   53.4 
 132.0 	   69.2 	   50.3 
 132.5 	   69.1 	   55.6 
 133.0 	   66.2 	   63.2 
 133.5 	   69.3 	   53.6 
 134.0 	   70.1 	   59.0 
 134.5 	   66.5 	   39.0 
 135.0 	   58.2 	   52.3 
 135.5 	   70.7 	   58.0 
 136.0 	   69.3 	   55.4 
 136.5 	   65.2 	   54.8 
 137.0 	   66.5 	   53.3 
 137.5 	   69.3 	   52.4 
 138.0 	   67.1 	   55.2 
 138.5 	   68.6 	   41.1 
 139.0 	   65.9 	   48.1 
 139.5 	   66.2 	   50.6 
 140.0 	   66.9 	   49.8 
 140.5 	   67.7 	   50.4 
 141.0 	   53.3 	   43.6 
 141.5 	   68.2 	   47.7 
 142.0 	   60.1 	   61.7 
 142.5 	   66.0 	   54.4 
 143.0 	   57.1 	   57.5 
 143.5 	   65.6 	   57.1 
 144.0 	   64.1 	   54.1 
 144.5 	   56.7 	   55.9 
 145.0 	   64.2 	   61.9 
 145.5 	   63.1 	   57.4 
 146.0 	   55.4 	   51.6 
 146.5 	   62.7 	   55.9 
 147.0 	   57.4 	   44.6 
 147.5 	   58.1 	   47.6 
 148.0 	   62.7 	   62.5 
 148.5 	   62.2 	   55.2 
 149.0 	   45.1 	   57.5 
 149.5 	   64.0 	   60.8 
 150.0 	   63.8 	   53.5 
 150.5 	   59.9 	   59.1 
 151.0 	   51.4 	   57.8 
 151.5 	   61.2 	   56.1 
 152.0 	   63.4 	   37.1 
 152.5 	   36.0 	   57.6 
 153.0 	   64.4 	   55.8 
 153.5 	   62.0 	   52.0 
 154.0 	   65.9 	   53.9 
 154.5 	   56.5 	   54.8 
 155.0 	   39.8 	   55.9 
 155.5 	   56.0 	   56.8 
 156.0 	   62.7 	   58.1 
 156.5 	   57.6 	   57.5 
 157.0 	   51.2 	   56.7 
 157.5 	   54.5 	   53.3 
 158.0 	   60.8 	   53.6 
 158.5 	   38.1 	   60.5 
 159.0 	   64.3 	   51.7 
 159.5 	   58.9 	   54.8 
 160.0 	   51.0 	   51.1 
 160.5 	   50.7 	   54.1 
 161.0 	   61.9 	   55.7 
 161.5 	   61.7 	   55.4 
 162.0 	   63.2 	   57.5 
 162.5 	   61.6 	   58.9 
 163.0 	   53.2 	   54.5 
 163.5 	   58.0 	   50.9 
 164.0 	   56.4 	   55.4 
 164.5 	   50.0 	   60.1 
 165.0 	   60.1 	   50.8 
 165.5 	   60.6 	   51.2 
 166.0 	   62.7 	   50.3 
 166.5 	   56.3 	   55.8 
 167.0 	   54.1 	   56.1 
 167.5 	   54.5 	   56.6 
 168.0 	   63.6 	   51.2 
 168.5 	   47.5 	   57.9 
 169.0 	   53.7 	   56.1 
 169.5 	   60.1 	   54.5 
 170.0 	   64.1 	   54.8 
 170.5 	   60.0 	   53.6 
 171.0 	   61.2 	   55.5 
 171.5 	   43.1 	   57.3 
 172.0 	   65.2 	   57.0 
 172.5 	   51.1 	   53.3 
 173.0 	   61.6 	   56.4 
 173.5 	   59.1 	   52.7 
 174.0 	   64.1 	   39.3 
 174.5 	   65.3 	   55.0 
 175.0 	   54.4 	   55.5 
 175.5 	   56.2 	   53.6 
 176.0 	   54.2 	   58.0 
 176.5 	   62.9 	   56.5 
 177.0 	   55.5 	   56.9 
 177.5 	   56.7 	   58.3 
 178.0 	   61.6 	   58.9 
 178.5 	   54.4 	   57.0 
 179.0 	   58.6 	   52.3 
 179.5 	   59.9 	   56.3 
 180.0 	   45.7 	   52.9 
 180.5 	   61.3 	   45.3 
 181.0 	   57.0 	   59.8 
 181.5 	   57.6 	   59.6 
 182.0 	   62.4 	   55.7 
 182.5 	   60.5 	   42.3 
 183.0 	   54.6 	   60.1 
 183.5 	   46.6 	   46.8 
 184.0 	   60.5 	   44.5 
 184.5 	   60.4 	   52.0 
 185.0 	   60.0 	   45.5 
 185.5 	   59.6 	   45.3 
 186.0 	   65.3 	   60.2 
 186.5 	   60.7 	   62.5 
 187.0 	   46.9 	   41.4 
 187.5 	   61.3 	   51.8 
 188.0 	   51.0 	   47.9 
 188.5 	   55.5 	   55.4 
 189.0 	   63.0 	   50.0 
 189.5 	   50.9 	   48.1 
 190.0 	   60.7 	   58.1 
 190.5 	   61.7 	   55.4 
 191.0 	   58.6 	   53.7 
 191.5 	   53.4 	   62.0 
 192.0 	   58.3 	   54.0 
 192.5 	   58.6 	   57.2 
 193.0 	   55.6 	   62.2 
 193.5 	   58.6 	   56.3 
 194.0 	   56.0 	   55.6 
 194.5 	   60.9 	   42.3 
 195.0 	   60.2 	   50.0 
 195.5 	   54.6 	   49.2 
 196.0 	   63.0 	   47.8 
 196.5 	   59.5 	   53.4 
 197.0 	   61.2 	   47.1 
 197.5 	   59.1 	   61.2 
 198.0 	   60.0 	   48.3 
 198.5 	   57.0 	   50.9 
 199.0 	   62.2 	   53.3 
 199.5 	   52.5 	   58.2 
 200.0 	   59.6 	   53.8 
 200.5 	   54.2 	   57.8 
 201.0 	   58.1 	   55.4 
 201.5 	   57.1 	   56.5 
 202.0 	   60.2 	   56.8 
 202.5 	   48.2 	   51.8 
 203.0 	   60.7 	   49.5 
 203.5 	   56.9 	   56.5 
 204.0 	   60.7 	   48.9 
 204.5 	   64.2 	   54.4 
 205.0 	   58.8 	   50.9 
 205.5 	   53.1 	   60.6 
 206.0 	   62.9 	   61.2 
 206.5 	   52.4 	   48.8 
 207.0 	   60.7 	   55.0 
 207.5 	   56.4 	   53.5 
 208.0 	   59.8 	   58.2 
 208.5 	   54.4 	   57.1 
 209.0 	   57.9 	   48.2 
 209.5 	   59.9 	   46.1 
 210.0 	   48.8 	   46.6 
 210.5 	   62.8 	   49.8 
 211.0 	   44.9 	   49.5 
 211.5 	   62.9 	   45.2 
 212.0 	   57.5 	   53.1 
 212.5 	   53.1 	   60.1 
 213.0 	   56.0 	   54.9 
 213.5 	   57.0 	   54.8 
 214.0 	   56.5 	   56.0 
 214.5 	   61.2 	   47.2 
 215.0 	   58.7 	   59.0 
 215.5 	   52.1 	   50.4 
 216.0 	   58.4 	   54.8 
 216.5 	   55.2 	   56.2 
 217.0 	   53.7 	   58.6 
 217.5 	   45.2 	   51.7 
 218.0 	   54.6 	   61.5 
 218.5 	   58.6 	   62.2 
 219.0 	   63.4 	   57.7 
 219.5 	   42.9 	   56.3 
 220.0 	   62.7 	   40.8 
 220.5 	   53.0 	   57.2 
 221.0 	   53.7 	   55.3 
 221.5 	   58.0 	   52.5 
 222.0 	   48.4 	   48.8 
 222.5 	   61.6 	   52.3 
 223.0 	   54.3 	   53.2 
 223.5 	   58.2 	   56.8 
 224.0 	   62.3 	   47.6 
 224.5 	   62.2 	   44.4 
 225.0 	   60.7 	   58.4 
 225.5 	   56.2 	   51.3 
 226.0 	   59.9 	   58.9 
 226.5 	   62.7 	   60.9 
 227.0 	   44.3 	   42.6 
 227.5 	   21.7 	   56.8 
 228.0 	   62.1 	   52.9 
 228.5 	   61.4 	   56.9 
 229.0 	   58.1 	   59.7 
 229.5 	   38.2 	   56.8 
 230.0 	   63.6 	   57.1 
 230.5 	   56.8 	   56.6 
 231.0 	   62.6 	   58.6 
 231.5 	   52.8 	   58.8 
 232.0 	   46.7 	   42.3 
 232.5 	   59.4 	   55.6 
 233.0 	   59.0 	   54.9 
 233.5 	   58.3 	   57.3 
 234.0 	   56.1 	   55.5 
 234.5 	   57.1 	   52.3 
 235.0 	   52.3 	   54.2 
 235.5 	   58.0 	   56.6 
 236.0 	   64.1 	   52.2 
 236.5 	   63.7 	   36.1 
 237.0 	   61.9 	   60.4 
 237.5 	   50.4 	   54.2 
 238.0 	   64.7 	   51.5 
 238.5 	   58.6 	   53.8 
 239.0 	   62.9 	   48.9 
 239.5 	   54.0 	   48.6 
 240.0 	   59.6 	   55.6 
 240.5 	   62.3 	   53.7 
 241.0 	   53.8 	   52.0 
 241.5 	   59.9 	   59.7 
 242.0 	   59.1 	   55.3 
 242.5 	   58.0 	   36.2 
 243.0 	   59.6 	   48.8 
 243.5 	   52.4 	   35.3 
 244.0 	   60.8 	   53.6 
 244.5 	   62.5 	   55.6 
 245.0 	   44.1 	   56.4 
 245.5 	   44.0 	   53.1 
 246.0 	   61.7 	   40.0 
 246.5 	   62.4 	   54.8 
 247.0 	   58.8 	   57.5 
 247.5 	   51.1 	   52.5 
 248.0 	   56.6 	   47.0 
 248.5 	   59.1 	   59.3 
 249.0 	   52.2 	   53.5 
 249.5 	   46.3 	   51.9 
 250.0 	   61.4 	   60.8 
 250.5 	   60.1 	   52.5 
 251.0 	   63.2 	   55.0 
 251.5 	   57.4 	   59.0 
 252.0 	   54.6 	   49.0 
 252.5 	   56.9 	   53.7 
 253.0 	   51.9 	   58.6 
 253.5 	   56.1 	   61.2 
 254.0 	   65.2 	   55.6 
 254.5 	   63.5 	   57.1 
 255.0 	   58.8 	   56.1 
 255.5 	   58.8 	   61.4 
 256.0 	   60.4 	   50.1 
 256.5 	   54.5 	   60.2 
 257.0 	   50.7 	   49.6 
 257.5 	   41.2 	   55.0 
 258.0 	   65.7 	   60.6 
 258.5 	   57.9 	   52.9 
 259.0 	   52.5 	   55.1 
 259.5 	   48.5 	   56.7 
 260.0 	   59.9 	   56.2 
 260.5 	   60.3 	   56.2 
 261.0 	   56.7 	   46.4 
 261.5 	   50.8 	   58.3 
 262.0 	   64.3 	   45.8 
 262.5 	   63.1 	   55.1 
 263.0 	   63.7 	   58.9 
 263.5 	   48.1 	   53.5 
 264.0 	   62.5 	   52.5 
 264.5 	   57.9 	   43.8 
 265.0 	   54.5 	   60.0 
 265.5 	   54.2 	   49.7 
 266.0 	   61.4 	   54.5 
 266.5 	   59.2 	   41.9 
 267.0 	   57.4 	   60.0 
 267.5 	   56.1 	   38.8 
 268.0 	   59.0 	   52.1 
 268.5 	   57.9 	   56.7 
 269.0 	   57.2 	   51.5 
 269.5 	   61.0 	   46.2 
 270.0 	   63.2 	   56.6 
 270.5 	   56.3 	   59.2 
 271.0 	   54.7 	   51.7 
 271.5 	   45.5 	   60.0 
 272.0 	   54.9 	   49.0 
 272.5 	   60.4 	   59.5 
 273.0 	   47.0 	   52.8 
 273.5 	   51.0 	   59.2 
 274.0 	   58.6 	   48.8 
 274.5 	   62.7 	   58.0 
 275.0 	   55.8 	   52.0 
 275.5 	   58.2 	   60.8 
 276.0 	   67.7 	   55.5 
 276.5 	   60.0 	   55.3 
 277.0 	   57.3 	   57.6 
 277.5 	   57.1 	   56.4 
 278.0 	   62.3 	   55.3 
 278.5 	   56.1 	   56.2 
 279.0 	   50.5 	   47.3 
 279.5 	   55.6 	   57.1 
 280.0 	   60.9 	   61.9 
 280.5 	   57.9 	   61.3 
 281.0 	   59.5 	   55.9 
 281.5 	   58.5 	   61.4 
 282.0 	   66.5 	   54.8 
 282.5 	   61.6 	   54.9 
 283.0 	   60.4 	   56.3 
 283.5 	   59.7 	   53.1 
 284.0 	   63.1 	   50.6 
 284.5 	   59.0 	   54.0 
 285.0 	   48.2 	   58.7 
 285.5 	   59.8 	   58.8 
 286.0 	   63.1 	   57.0 
 286.5 	   64.0 	   54.3 
 287.0 	   53.8 	   57.8 
 287.5 	   54.6 	   59.5 
 288.0 	   62.0 	   55.0 
 288.5 	   58.0 	   47.1 
 289.0 	   56.6 	   57.0 
 289.5 	   42.2 	   42.1 
 290.0 	   65.0 	   61.0 
 290.5 	   55.8 	   54.5 
 291.0 	   57.3 	   40.3 
 291.5 	   56.8 	   60.6 
 292.0 	   65.8 	   58.0 
 292.5 	   59.1 	   38.1 
 293.0 	   61.9 	   53.0 
 293.5 	   48.6 	   54.7 
 294.0 	   60.9 	   58.6 
 294.5 	   59.9 	   50.4 
 295.0 	   53.5 	   54.3 
 295.5 	   52.7 	   42.9 
 296.0 	   58.6 	   52.0 
 296.5 	   62.2 	   58.8 
 297.0 	   56.6 	   56.7 
 297.5 	   55.4 	   53.2 
 298.0 	   60.3 	   53.0 
 298.5 	   60.3 	   58.3 
 299.0 	   62.8 	   55.6 
 299.5 	   54.9 	   59.4 
 300.0 	   56.9 	   53.6 
 300.5 	   43.3 	   52.0 
 301.0 	   56.5 	   57.0 
 301.5 	   59.6 	   59.4 
 302.0 	   60.5 	   55.8 
 302.5 	   63.6 	   55.1 
 303.0 	   57.6 	   52.7 
 303.5 	   60.3 	   56.7 
 304.0 	   56.3 	   59.6 
 304.5 	   60.1 	   47.4 
 305.0 	   58.3 	   58.0 
 305.5 	   55.0 	   52.8 
 306.0 	   63.7 	   61.7 
 306.5 	   62.7 	   57.6 
 307.0 	   59.8 	   53.2 
 307.5 	   56.2 	   59.8 
 308.0 	   65.3 	   54.2 
 308.5 	   62.4 	   54.1 
 309.0 	   58.9 	   57.7 
 309.5 	   54.3 	   60.2 
 310.0 	   61.3 	   57.3 
 310.5 	   58.7 	   52.2 
 311.0 	   60.9 	   51.3 
 311.5 	   55.2 	   59.2 
 312.0 	   64.9 	   51.9 
 312.5 	   57.3 	   60.3 
 313.0 	   54.4 	   52.3 
 313.5 	   56.5 	   57.1 
 314.0 	   62.7 	   55.5 
 314.5 	   56.2 	   48.6 
 315.0 	   57.4 	   58.7 
 315.5 	   48.1 	   46.0 
 316.0 	   62.6 	   53.6 
 316.5 	   64.1 	   45.7 
 317.0 	   54.9 	   55.1 
 317.5 	   63.1 	   58.8 
 318.0 	   56.4 	   54.0 
 318.5 	   58.5 	   50.6 
 319.0 	   59.3 	   59.0 
 319.5 	   51.7 	   55.9 
 320.0 	   62.7 	   56.4 
 320.5 	   64.5 	   53.6 
 321.0 	   51.2 	   51.9 
 321.5 	   62.8 	   52.8 
 322.0 	   65.2 	   58.4 
 322.5 	   61.1 	   53.6 
 323.0 	   53.3 	   62.6 
 323.5 	   51.7 	   59.8 
 324.0 	   64.4 	   58.2 
 324.5 	   56.1 	   55.9 
 325.0 	   61.1 	   53.7 
 325.5 	   49.1 	   62.1 
 326.0 	   63.8 	   47.8 
 326.5 	   59.2 	   55.5 
 327.0 	   54.1 	   56.2 
 327.5 	   56.3 	   44.2 
 328.0 	   65.8 	   53.2 
 328.5 	   59.8 	   52.9 
 329.0 	   53.6 	   50.0 
 329.5 	   49.1 	   52.3 
 330.0 	   53.5 	   48.5 
 330.5 	   60.4 	   60.9 
 331.0 	   47.2 	   54.6 
 331.5 	   57.7 	   52.4 
 332.0 	   65.7 	   59.1 
 332.5 	   58.1 	   58.2 
 333.0 	   49.3 	   58.3 
 333.5 	   61.1 	   53.0 
 334.0 	   54.4 	   54.3 
 334.5 	   56.7 	   53.6 
 335.0 	   59.3 	   56.8 
 335.5 	   56.4 	   60.9 
 336.0 	   56.1 	   47.4 
 336.5 	   55.6 	   59.9 
 337.0 	   55.9 	   56.6 
 337.5 	   50.6 	   45.7 
 338.0 	   62.2 	   43.6 
 338.5 	   57.2 	   59.9 
 339.0 	   53.2 	   58.1 
 339.5 	   58.6 	   47.2 
 340.0 	   61.7 	   61.0 
 340.5 	   59.4 	   51.2 
 341.0 	   45.4 	   52.0 
 341.5 	   51.8 	   52.1 
 342.0 	   63.5 	   56.7 
 342.5 	   57.7 	   55.6 
 343.0 	   56.9 	   61.0 
 343.5 	   41.9 	   55.6 
 344.0 	   62.8 	   57.6 
 344.5 	   61.5 	   56.0 
 345.0 	   58.5 	   57.4 
 345.5 	   39.0 	   56.8 
 346.0 	   67.3 	   61.1 
 346.5 	   55.0 	   50.7 
 347.0 	   52.6 	   55.7 
 347.5 	   55.6 	   53.9 
 348.0 	   64.1 	   52.3 
 348.5 	   58.9 	   62.6 
 349.0 	   46.4 	   63.9 
 349.5 	   52.7 	   54.2 
 350.0 	   67.6 	   61.8 
 350.5 	   58.1 	   57.0 
 351.0 	   51.9 	   61.3 
 351.5 	   56.8 	   52.8 
 352.0 	   63.9 	   49.8 
 352.5 	   62.1 	   55.7 
 353.0 	   56.0 	   46.8 
 353.5 	   61.2 	   46.0 
 354.0 	   65.2 	   60.9 
 354.5 	   58.8 	   55.5 
 355.0 	   58.1 	   60.9 
 355.5 	   52.3 	   55.6 
 356.0 	   63.9 	   59.6 
 356.5 	   59.3 	   56.8 
 357.0 	   43.8 	   54.2 
 357.5 	   53.1 	   55.2 
 358.0 	   64.3 	   54.1 
 358.5 	   61.7 	   52.4 
 359.0 	   59.7 	   49.6 
 359.5 	   60.9 	   39.8 
 360.0 	   65.0 	   51.2 
 360.5 	   58.8 	   53.9 
 361.0 	   55.9 	   56.5 
 361.5 	   50.8 	   53.9 
 362.0 	   65.5 	   59.6 
 362.5 	   52.8 	   59.5 
 363.0 	   45.4 	   52.1 
 363.5 	   46.3 	   54.3 
 364.0 	   59.9 	   61.1 
 364.5 	   51.6 	   52.9 
 365.0 	   45.7 	   59.0 
 365.5 	   57.8 	   55.7 
 366.0 	   59.6 	   50.6 
 366.5 	   60.7 	   51.8 
 367.0 	   52.5 	   56.2 
 367.5 	   56.2 	   54.5 
 368.0 	   64.0 	   45.0 
 368.5 	   59.9 	   54.2 
 369.0 	   54.6 	   57.7 
 369.5 	   47.3 	   51.3 
 370.0 	   65.8 	   57.1 
 370.5 	   58.2 	   53.7 
 371.0 	   54.2 	   59.4 
 371.5 	   53.1 	   51.1 
 372.0 	   66.5 	   50.8 
 372.5 	   52.4 	   48.6 
 373.0 	   52.5 	   43.5 
 373.5 	   40.8 	   54.7 
 374.0 	   64.5 	   54.3 
 374.5 	   58.1 	   59.1 
 375.0 	   59.7 	   59.1 
 375.5 	   35.6 	   50.7 
 376.0 	   64.6 	   62.1 
 376.5 	   51.0 	   57.5 
 377.0 	   60.4 	   58.3 
 377.5 	   60.5 	   51.2 
 378.0 	   66.4 	   55.8 
 378.5 	   56.8 	   61.7 
 379.0 	   51.1 	   47.7 
 379.5 	   57.6 	   53.8 
 380.0 	   66.5 	   52.7 
 380.5 	   54.0 	   39.7 
 381.0 	   60.6 	   55.0 
 381.5 	   55.2 	   53.9 
 382.0 	   67.0 	   60.9 
 382.5 	   54.0 	   59.7 
 383.0 	   54.7 	   55.5 
 383.5 	   56.9 	   46.8 
 384.0 	   63.2 	   55.3 
 384.5 	   54.1 	   60.4 
 385.0 	   56.6 	   58.9 
 385.5 	   53.1 	   52.9 
 386.0 	   63.4 	   56.4 
 386.5 	   60.5 	   53.6 
 387.0 	   57.8 	   59.5 
 387.5 	   63.2 	   44.7 
 388.0 	   66.1 	   58.5 
 388.5 	   57.3 	   59.2 
 389.0 	   63.5 	   55.3 
 389.5 	   55.8 	   49.9 
 390.0 	   60.9 	   61.2 
 390.5 	   52.3 	   56.2 
 391.0 	   39.9 	   47.9 
 391.5 	   58.6 	   57.6 
 392.0 	   66.1 	   59.3 
 392.5 	   58.4 	   58.3 
 393.0 	   44.5 	   55.3 
 393.5 	   51.0 	   51.1 
 394.0 	   68.5 	   61.3 
 394.5 	   60.9 	   55.8 
 395.0 	   55.6 	   53.1 
 395.5 	   49.4 	   49.8 
 396.0 	   65.5 	   61.9 
 396.5 	   54.2 	   61.8 
 397.0 	   46.2 	   39.2 
 397.5 	   53.6 	   51.8 
 398.0 	   65.0 	   60.3 
 398.5 	   59.5 	   57.3 
 399.0 	   58.9 	   44.3 
 399.5 	   53.8 	   54.8 
 400.0 	   67.3 	   53.8 
 400.5 	   58.6 	   54.3 
 401.0 	   57.5 	   59.2 
 401.5 	   58.3 	   53.1 
 402.0 	   62.8 	   52.6 
 402.5 	   63.3 	   53.4 
 403.0 	   52.5 	   52.6 
 403.5 	   43.2 	   57.9 
 404.0 	   65.5 	   61.9 
 404.5 	   57.3 	   50.1 
 405.0 	   55.2 	   59.0 
 405.5 	   49.7 	   54.2 
 406.0 	   62.8 	   59.4 
 406.5 	   52.7 	   45.5 
 407.0 	   63.1 	   61.6 
 407.5 	   43.7 	   56.5 
 408.0 	   62.4 	   48.4 
 408.5 	   55.3 	   57.1 
 409.0 	   60.4 	   59.2 
 409.5 	   56.2 	   57.1 
 410.0 	   67.0 	   60.4 
 410.5 	   57.6 	   61.2 
 411.0 	   59.4 	   49.9 
 411.5 	   45.0 	   39.3 
 412.0 	   62.0 	   59.4 
 412.5 	   60.0 	   53.2 
 413.0 	   44.3 	   59.1 
 413.5 	   59.6 	   48.1 
 414.0 	   64.8 	   57.9 
 414.5 	   53.5 	   60.9 
 415.0 	   56.4 	   40.2 
 415.5 	   60.0 	   45.5 
 416.0 	   64.9 	   59.8 
 416.5 	   60.7 	   54.5 
 417.0 	   58.4 	   60.7 
 417.5 	   40.7 	   51.5 
 418.0 	   60.4 	   56.7 
 418.5 	   60.6 	   55.8 
 419.0 	   58.2 	   57.9 
 419.5 	   57.3 	   55.9 
 420.0 	   65.0 	   57.5 
 420.5 	   58.7 	   55.5 
 421.0 	   55.1 	   62.0 
 421.5 	   58.9 	   57.3 
 422.0 	   65.5 	   58.5 
 422.5 	   56.0 	   53.1 
 423.0 	   51.5 	   54.6 
 423.5 	   55.7 	   51.0 
 424.0 	   68.3 	   51.3 
 424.5 	   62.2 	   55.1 
 425.0 	   55.7 	   60.6 
 425.5 	   55.5 	   53.8 
 426.0 	   64.8 	   61.7 
 426.5 	   60.5 	   60.5 
 427.0 	   56.6 	   41.6 
 427.5 	   62.3 	   57.3 
 428.0 	   63.6 	   52.1 
 428.5 	   54.9 	   60.0 
 429.0 	   49.3 	   59.3 
 429.5 	   45.0 	   51.9 
 430.0 	   63.8 	   56.3 
 430.5 	   59.2 	   56.7 
 431.0 	   56.7 	   55.5 
 431.5 	   59.3 	   56.2 
 432.0 	   66.8 	   62.0 
 432.5 	   45.7 	   58.6 
 433.0 	   52.5 	   14.0 
 433.5 	   57.5 	   56.6 
 434.0 	   64.6 	   63.0 
 434.5 	   52.7 	   51.1 
 435.0 	   60.6 	   54.8 
 435.5 	   59.4 	   58.8 
 436.0 	   64.7 	   50.2 
 436.5 	   58.0 	   53.7 
 437.0 	   60.0 	   56.8 
 437.5 	   62.1 	   40.3 
 438.0 	   63.4 	   55.4 
 438.5 	   56.6 	   57.7 
 439.0 	   52.7 	   61.6 
 439.5 	   62.6 	   52.6 
 440.0 	   60.6 	   39.3 
 440.5 	   61.1 	   56.3 
 441.0 	   55.5 	   53.9 
 441.5 	   54.6 	   40.0 
 442.0 	   65.2 	   55.8 
 442.5 	   61.4 	   48.1 
 443.0 	   53.6 	   43.6 
 443.5 	   57.7 	   57.4 
 444.0 	   57.4 	   48.5 
 444.5 	   51.6 	   49.5 
 445.0 	   46.2 	   49.9 
 445.5 	   55.5 	   46.1 
 446.0 	   66.2 	   53.7 
 446.5 	   49.9 	   57.0 
 447.0 	   49.7 	   52.9 
 447.5 	   45.1 	   59.2 
 448.0 	   65.0 	   51.8 
 448.5 	   60.0 	   63.1 
 449.0 	   57.8 	   54.5 
 449.5 	   58.3 	   57.6 
 450.0 	   59.2 	   49.9 
 450.5 	   56.5 	   57.4 
 451.0 	   57.3 	   56.3 
 451.5 	   57.0 	   50.4 
 452.0 	   64.8 	   60.5 
 452.5 	   48.9 	   61.7 
 453.0 	   63.3 	   49.4 
 453.5 	   55.1 	   48.8 
 454.0 	   67.0 	   52.1 
 454.5 	   57.2 	   49.4 
 455.0 	   49.8 	   61.5 
 455.5 	   54.9 	   53.7 
 456.0 	   62.1 	   57.8 
 456.5 	   57.2 	   49.1 
 457.0 	   50.9 	   52.9 
 457.5 	   57.1 	   58.1 
 458.0 	   60.9 	   58.6 
 458.5 	   55.1 	   58.6 
 459.0 	   56.7 	   53.9 
 459.5 	   44.2 	   52.2 
 460.0 	   66.1 	   55.9 
 460.5 	   54.6 	   60.4 
 461.0 	   49.3 	   52.2 
 461.5 	   58.7 	   60.4 
 462.0 	   66.0 	   49.7 
 462.5 	   55.2 	   45.9 
 463.0 	   47.0 	   58.1 
 463.5 	   46.2 	   61.4 
 464.0 	   59.9 	   43.0 
 464.5 	   42.7 	   55.8 
 465.0 	   59.0 	   51.4 
 465.5 	   54.4 	   59.5 
 466.0 	   64.3 	   55.1 
 466.5 	   53.7 	   60.0 
 467.0 	   61.5 	   59.9 
 467.5 	   58.2 	   56.8 
 468.0 	   62.7 	   49.0 
 468.5 	   44.6 	   52.9 
 469.0 	   61.3 	   53.0 
 469.5 	   52.8 	   51.9 
 470.0 	   64.4 	   56.7 
 470.5 	   47.5 	   45.9 
 471.0 	   54.1 	   60.3 
 471.5 	   58.5 	   63.6 
 472.0 	   64.6 	   42.6 
 472.5 	   57.7 	   53.0 
 473.0 	   50.0 	   53.1 
 473.5 	   50.3 	   52.8 
 474.0 	   63.1 	   55.4 
 474.5 	   54.4 	   47.7 
 475.0 	   61.4 	   53.7 
 475.5 	   57.6 	   57.9 
 476.0 	   66.2 	   54.1 
 476.5 	   53.4 	   57.3 
 477.0 	   55.5 	   60.4 
 477.5 	   56.4 	   60.0 
 478.0 	   65.1 	   62.9 
 478.5 	   53.8 	   57.5 
 479.0 	   47.9 	   52.4 
 479.5 	   54.7 	   55.9 
 480.0 	   62.6 	   57.6 
 480.5 	   57.6 	   53.8 
 481.0 	   60.2 	   57.4 
 481.5 	   55.2 	   51.9 
 482.0 	   62.6 	   59.4 
 482.5 	   50.6 	   55.4 
 483.0 	   53.0 	   57.1 
 483.5 	   54.9 	   59.5 
 484.0 	   66.8 	   63.8 
 484.5 	   52.1 	   57.6 
 485.0 	   52.2 	   57.3 
 485.5 	   54.3 	   51.5 
 486.0 	   65.3 	   59.3 
 486.5 	   54.3 	   45.7 
 487.0 	   59.1 	   51.7 
 487.5 	   59.3 	   47.0 
 488.0 	   64.7 	   54.8 
 488.5 	   58.0 	   61.5 
 489.0 	   60.3 	   52.1 
 489.5 	   48.1 	   57.3 
 490.0 	   65.6 	   60.3 
 490.5 	   57.0 	   55.6 
 491.0 	   62.8 	   57.4 
 491.5 	   47.3 	   53.7 
 492.0 	   64.4 	   55.1 
 492.5 	   58.8 	   61.6 
 493.0 	   50.3 	   57.5 
 493.5 	   61.2 	   56.0 
 494.0 	   59.4 	   57.0 
 494.5 	   59.9 	   51.6 
 495.0 	   62.3 	   47.9 
 495.5 	   57.1 	   58.3 
 496.0 	   59.9 	   60.0 
 496.5 	   54.9 	   55.6 
 497.0 	   59.3 	   50.5 
 497.5 	   58.3 	   56.9 
 498.0 	   64.6 	   56.7 
 498.5 	   63.1 	   52.5 
 499.0 	   60.3 	   57.0 
 499.5 	   40.8 	   54.7 
 500.0 	   63.1 	   54.6 
 500.5 	   52.3 	   60.5 
 501.0 	   56.7 	   64.1 
 501.5 	   58.5 	   58.9 
 502.0 	   63.6 	   53.9 
 502.5 	   50.0 	   56.3 
 503.0 	   61.1 	   55.0 
 503.5 	   56.0 	   54.5 
 504.0 	   66.2 	   57.3 
 504.5 	   49.8 	   63.9 
 505.0 	   55.3 	   53.9 
 505.5 	   39.2 	   46.5 
 506.0 	   66.3 	   60.1 
 506.5 	   54.4 	   58.4 
 507.0 	   55.5 	   61.4 
 507.5 	   59.9 	   46.7 
 508.0 	   66.4 	   58.7 
 508.5 	   62.5 	   66.1 
 509.0 	   62.6 	   51.6 
 509.5 	   52.0 	   56.8 
 510.0 	   67.7 	   61.1 
 510.5 	   32.0 	   56.1 
 511.0 	   38.5 	   45.0 
 511.5 	   54.5 	   60.1 
 512.0 	   62.7 	   53.8 
 512.5 	   55.6 	   59.4 
 513.0 	   52.9 	   61.9 
 513.5 	   58.5 	   56.0 
 514.0 	   65.1 	   60.4 
 514.5 	   50.1 	   57.7 
 515.0 	   62.3 	   45.4 
 515.5 	   48.9 	   39.8 
 516.0 	   67.7 	   45.8 
 516.5 	   57.9 	   57.9 
 517.0 	   60.0 	   57.5 
 517.5 	   56.5 	   54.0 
 518.0 	   64.4 	   48.6 
 518.5 	   61.8 	   56.8 
 519.0 	   59.0 	   58.3 
 519.5 	   47.1 	   58.0 
 520.0 	   67.9 	   57.7 
 520.5 	   40.1 	   52.6 
 521.0 	   58.9 	   53.6 
 521.5 	   61.5 	   56.0 
 522.0 	   60.2 	   58.7 
 522.5 	   50.4 	   54.9 
 523.0 	   54.2 	   55.2 
 523.5 	   56.4 	   59.9 
 524.0 	   60.8 	   55.7 
 524.5 	   60.0 	   59.1 
 525.0 	   42.4 	   50.2 
 525.5 	   50.8 	   61.1 
 526.0 	   63.4 	   59.6 
 526.5 	   60.7 	   60.0 
 527.0 	   54.6 	   61.9 
 527.5 	   48.5 	   56.1 
 528.0 	   65.1 	   57.4 
 528.5 	   61.0 	   57.1 
 529.0 	   63.6 	   62.8 
 529.5 	   53.2 	   65.1 
 530.0 	   58.2 	   51.7 
 530.5 	   51.2 	   62.1 
 531.0 	   60.6 	   60.5 
 531.5 	   53.9 	   48.6 
 532.0 	   65.9 	   58.9 
 532.5 	   58.2 	   59.0 
 533.0 	   61.7 	   57.8 
 533.5 	   60.5 	   61.7 
 534.0 	   65.4 	   58.3 
 534.5 	   63.0 	   62.5 
 535.0 	   59.3 	   59.7 
 535.5 	   56.2 	   59.3 
 536.0 	   64.0 	   53.3 
 536.5 	   48.2 	   64.5 
 537.0 	   51.8 	   58.7 
 537.5 	   53.2 	   63.3 
 538.0 	   63.3 	   57.5 
 538.5 	   51.6 	   61.2 
 539.0 	   53.7 	   55.8 
 539.5 	   59.2 	   61.4 
 540.0 	   58.0 	   54.2 
 540.5 	   54.9 	   57.3 
 541.0 	   58.8 	   62.3 
 541.5 	   58.1 	   51.8 
 542.0 	   61.0 	   49.8 
 542.5 	   58.0 	   59.4 
 543.0 	   57.8 	   64.1 
 543.5 	   57.3 	   64.2 
 544.0 	   68.9 	   65.0 
 544.5 	   45.6 	   51.9 
 545.0 	   63.6 	   61.7 
 545.5 	   59.6 	   57.7 
 546.0 	   69.0 	   55.8 
 546.5 	   53.8 	   60.9 
 547.0 	   65.1 	   51.4 
 547.5 	   60.9 	   62.1 
 548.0 	   67.1 	   59.8 
 548.5 	   57.7 	   57.3 
 549.0 	   63.9 	   53.2 
 549.5 	   57.6 	   60.9 
 550.0 	   62.3 	   55.5 
 550.5 	   64.8 	   61.2 
 551.0 	   61.6 	   55.9 
 551.5 	   59.0 	   54.5 
 552.0 	   62.6 	   51.6 
 552.5 	   59.7 	   48.7 
 553.0 	   60.0 	   59.2 
 553.5 	   51.7 	   65.7 
 554.0 	   66.1 	   58.5 
 554.5 	   61.5 	   54.3 
 555.0 	   63.2 	   50.8 
 555.5 	   56.2 	   52.1 
 556.0 	   67.8 	   49.4 
 556.5 	   61.9 	   53.3 
 557.0 	   66.5 	   54.0 
 557.5 	   59.5 	   58.0 
 558.0 	   61.5 	   64.8 
 558.5 	   53.2 	   54.6 
 559.0 	   63.4 	   51.7 
 559.5 	   54.7 	   54.9 
 560.0 	   56.1 	   47.4 
 560.5 	   58.7 	   55.3 
 561.0 	   61.7 	   59.9 
 561.5 	   56.8 	   60.8 
 562.0 	   55.9 	   59.0 
 562.5 	   58.7 	   62.2 
 563.0 	   61.9 	   45.6 
 563.5 	   50.8 	   53.1 
 564.0 	   62.1 	   48.8 
 564.5 	   60.1 	   55.7 
 565.0 	   56.3 	   58.3 
 565.5 	   62.7 	   59.6 
 566.0 	   66.5 	   60.7 
 566.5 	   63.1 	   46.7 
 567.0 	   45.4 	   54.3 
 567.5 	   61.1 	   45.4 
 568.0 	   59.2 	   57.7 
 568.5 	   61.6 	   54.6 
 569.0 	   50.3 	   56.8 
 569.5 	   48.3 	   45.0 
 570.0 	   61.4 	   58.5 
 570.5 	   60.6 	   62.0 
 571.0 	   58.1 	   55.7 
 571.5 	   39.7 	   60.4 
 572.0 	   67.3 	   49.3 
 572.5 	   58.4 	   46.0 
 573.0 	   54.8 	   45.2 
 573.5 	   56.0 	   53.2 
 574.0 	   64.5 	   56.9 
 574.5 	   50.1 	   59.1 
 575.0 	   59.8 	   55.2 
 575.5 	   53.2 	   56.1 
 576.0 	   62.0 	   57.9 
 576.5 	   46.8 	   59.6 
 577.0 	   64.5 	   53.4 
 577.5 	   57.4 	   54.7 
 578.0 	   52.4 	   45.2 
 578.5 	   63.0 	   55.8 
 579.0 	   55.9 	   58.8 
 579.5 	   46.3 	   60.8 
 580.0 	   60.2 	   62.0 
 580.5 	   55.9 	   52.9 
 581.0 	   54.6 	   60.2 
 581.5 	   56.1 	   58.7 
 582.0 	   60.3 	   65.1 
 582.5 	   63.5 	   63.2 
 583.0 	   64.8 	   64.3 
 583.5 	   60.6 	   56.0 
 584.0 	   62.7 	   59.9 
 584.5 	   60.1 	   66.4 
 585.0 	   60.7 	   61.8 
 585.5 	   62.9 	   58.7 
 586.0 	   58.9 	   66.0 
 586.5 	   52.3 	   60.2 
 587.0 	   65.0 	   50.7 
 587.5 	   61.4 	   59.4 
 588.0 	   56.7 	   55.8 
 588.5 	   48.8 	   58.2 
 589.0 	   62.9 	   49.4 
 589.5 	   59.1 	   50.8 
 590.0 	   64.6 	   42.3 
 590.5 	   59.4 	   61.2 
 591.0 	   64.9 	   56.9 
 591.5 	   58.2 	   56.5 
 592.0 	   65.8 	   54.3 
 592.5 	   57.4 	   61.1 
 593.0 	   56.8 	   49.6 
 593.5 	   63.1 	   50.0 
 594.0 	   66.4 	   53.3 
 594.5 	   59.3 	   60.5 
 595.0 	   56.8 	   53.7 
 595.5 	   59.7 	   62.4 
 596.0 	   67.8 	   51.0 
 596.5 	   52.0 	   43.2 
 597.0 	   63.8 	   59.7 
 597.5 	   52.0 	   60.4 
 598.0 	   58.9 	   58.9 
 598.5 	   54.6 	   46.1 
 599.0 	   60.6 	   57.8 
 599.5 	   58.9 	   56.9 
 600.0 	   67.0 	   47.2 
 600.5 	   60.0 	   59.8 
 601.0 	   60.1 	   58.4 
 601.5 	   53.4 	   60.9 
 602.0 	   60.1 	   50.5 
 602.5 	   61.0 	   63.0 
 603.0 	   56.3 	   59.3 
 603.5 	   58.1 	   57.1 
 604.0 	   54.9 	   58.8 
 604.5 	   59.0 	   60.0 
 605.0 	   63.2 	   46.4 
 605.5 	   61.8 	   42.6 
 606.0 	   59.8 	   51.7 
 606.5 	   47.1 	   65.0 
 607.0 	   63.9 	   60.7 
 607.5 	   62.1 	   64.2 
 608.0 	   61.8 	   61.5 
 608.5 	   53.3 	   54.0 
 609.0 	   65.0 	   62.0 
 609.5 	   58.0 	   61.1 
 610.0 	   50.2 	   62.5 
 610.5 	   60.6 	   64.2 
 611.0 	   62.7 	   58.4 
 611.5 	   62.6 	   62.1 
 612.0 	   63.7 	   61.3 
 612.5 	   58.1 	   57.3 
 613.0 	   60.4 	   56.9 
 613.5 	   68.3 	   62.5 
 614.0 	   60.4 	   62.2 
 614.5 	   59.8 	   54.6 
 615.0 	   41.4 	   61.8 
 615.5 	   63.7 	   60.2 
 616.0 	   60.4 	   61.1 
 616.5 	   58.6 	   58.0 
 617.0 	   58.6 	   55.8 
 617.5 	   62.6 	   58.0 
 618.0 	   65.5 	   59.1 
 618.5 	   57.8 	   64.0 
 619.0 	   60.0 	   60.9 
 619.5 	   64.4 	   58.8 
 620.0 	   65.8 	   62.5 
 620.5 	   52.3 	   57.7 
 621.0 	   55.2 	   63.5 
 621.5 	   58.5 	   60.9 
 622.0 	   65.3 	   54.2 
 622.5 	   59.4 	   57.5 
 623.0 	   64.1 	   64.8 
 623.5 	   63.7 	   51.5 
 624.0 	   64.8 	   56.5 
 624.5 	   64.3 	   50.8 
 625.0 	   62.4 	   59.6 
 625.5 	   64.9 	   62.6 
 626.0 	   66.5 	   55.2 
 626.5 	   65.7 	   63.6 
 627.0 	   65.6 	   58.0 
 627.5 	   66.3 	   57.9 
 628.0 	   63.0 	   60.8 
 628.5 	   58.0 	   51.6 
 629.0 	   63.3 	   61.3 
 629.5 	   58.3 	   47.2 
 630.0 	   59.2 	   59.2 
 630.5 	   56.2 	   47.0 
 631.0 	   65.6 	   61.7 
 631.5 	   54.8 	   51.0 
 632.0 	   62.5 	   50.1 
 632.5 	   55.4 	   55.6 
 633.0 	   66.6 	   57.8 
 633.5 	   66.6 	   59.6 
 634.0 	   58.3 	   57.9 
 634.5 	   63.2 	   57.6 
 635.0 	   64.9 	   55.3 
 635.5 	   67.8 	   57.9 
 636.0 	   70.4 	   55.5 
 636.5 	   62.1 	   65.0 
 637.0 	   64.2 	   57.5 
 637.5 	   65.1 	   65.7 
 638.0 	   58.0 	   56.2 
 638.5 	   64.8 	   62.1 
 639.0 	   65.2 	   60.2 
 639.5 	   66.3 	   62.3 
 640.0 	   66.7 	   57.8 
 640.5 	   59.4 	   59.3 
 641.0 	   62.8 	   61.7 
 641.5 	   57.4 	   64.0 
 642.0 	   66.8 	   50.4 
 642.5 	   57.2 	   63.3 
 643.0 	   61.1 	   61.7 
 643.5 	   58.0 	   60.9 
 644.0 	   59.8 	   59.1 
 644.5 	   56.7 	   57.2 
 645.0 	   56.2 	   59.6 
 645.5 	   61.2 	   64.0 
 646.0 	   60.9 	   47.8 
 646.5 	   59.5 	   60.0 
 647.0 	   65.0 	   55.8 
 647.5 	   52.2 	   60.5 
 648.0 	   62.1 	   54.6 
 648.5 	   46.2 	   56.6 
 649.0 	   67.8 	   61.8 
 649.5 	   62.0 	   63.6 
 650.0 	   65.4 	   65.6 
 650.5 	   60.4 	   58.7 
 651.0 	   66.6 	   63.5 
 651.5 	   58.9 	   58.7 
 652.0 	   59.0 	   64.9 
 652.5 	   43.6 	   49.9 
 653.0 	   66.7 	   67.1 
 653.5 	   60.0 	   66.6 
 654.0 	   42.2 	   66.4 
 654.5 	   57.2 	   66.2 
 655.0 	   66.0 	   63.8 
 655.5 	   64.6 	   63.4 
 656.0 	   58.8 	   65.7 
 656.5 	   55.0 	   60.1 
 657.0 	   60.1 	   64.3 
 657.5 	   58.8 	   58.6 
 658.0 	   63.0 	   60.5 
 658.5 	   67.9 	   64.6 
 659.0 	   64.1 	   65.3 
 659.5 	   64.1 	   65.4 
 660.0 	   66.2 	   58.7 
 660.5 	   58.1 	   60.2 
 661.0 	   53.9 	   60.5 
 661.5 	   60.9 	   46.4 
 662.0 	   54.1 	   58.1 
 662.5 	   58.9 	   63.9 
 663.0 	   57.5 	   60.1 
 663.5 	   59.8 	   44.6 
 664.0 	   47.1 	   54.5 
 664.5 	   59.8 	   63.4 
 665.0 	   51.6 	   60.4 
 665.5 	   61.9 	   62.5 
 666.0 	   50.8 	   61.2 
 666.5 	   63.1 	   65.4 
 667.0 	   54.9 	   61.8 
 667.5 	   57.0 	   59.0 
 668.0 	   55.8 	   52.4 
 668.5 	   64.2 	   57.4 
 669.0 	   61.6 	   60.7 
 669.5 	   64.7 	   65.0 
 670.0 	   58.5 	   58.6 
 670.5 	   57.9 	   59.9 
 671.0 	   50.5 	   66.4 
 671.5 	   58.4 	   51.1 
 672.0 	   62.6 	   62.8 
 672.5 	   67.0 	   65.4 
 673.0 	   52.4 	   66.4 
 673.5 	   58.0 	   62.2 
 674.0 	   59.9 	   62.1 
 674.5 	   62.9 	   65.4 
 675.0 	   61.8 	   49.7 
 675.5 	   55.5 	   57.8 
 676.0 	   53.9 	   65.2 
 676.5 	   58.5 	   62.4 
 677.0 	   52.4 	   61.1 
 677.5 	   53.9 	   61.7 
 678.0 	   53.2 	   58.5 
 678.5 	   59.2 	   54.4 
 679.0 	   56.3 	   60.5 
 679.5 	   59.6 	   69.2 
 680.0 	   51.7 	   64.8 
 680.5 	   61.5 	   52.4 
 681.0 	   63.5 	   56.5 
 681.5 	   50.6 	   64.2 
 682.0 	   62.8 	   65.2 
 682.5 	   54.2 	   65.1 
 683.0 	   63.9 	   65.4 
 683.5 	   60.8 	   66.9 
 684.0 	   53.1 	   52.7 
 684.5 	   44.3 	   70.0 
 685.0 	   60.6 	   63.3 
 685.5 	   55.6 	   63.5 
 686.0 	   65.0 	   59.5 
 686.5 	   45.2 	   65.5 
 687.0 	   55.9 	   66.4 
 687.5 	   64.2 	   62.7 
 688.0 	   63.8 	   61.5 
 688.5 	   49.8 	   69.6 
 689.0 	   63.0 	   63.4 
 689.5 	   66.6 	   53.6 
 690.0 	   62.6 	   62.0 
 690.5 	   62.3 	   68.9 
 691.0 	   62.0 	   61.8 
 691.5 	   66.3 	   64.1 
 692.0 	   54.1 	   61.6 
 692.5 	   61.5 	   67.1 
 693.0 	   58.9 	   64.2 
 693.5 	   65.7 	   56.8 
 694.0 	   58.5 	   63.5 
 694.5 	   63.2 	   66.2 
 695.0 	   60.1 	   51.6 
 695.5 	   63.4 	   62.9 
 696.0 	   58.6 	   62.7 
 696.5 	   50.2 	   67.1 
 697.0 	   62.5 	   59.6 
 697.5 	   64.9 	   57.7 
 698.0 	   65.3 	   51.7 
 698.5 	   59.6 	   60.1 
 699.0 	   61.3 	   54.3 
 699.5 	   61.2 	   59.1 
 700.0 	   68.6 	   33.2 
 700.5 	   62.3 	   63.8 
 701.0 	   58.1 	   64.0 
 701.5 	   62.7 	   61.0 
 702.0 	   63.7 	   62.5 
 702.5 	   59.8 	   61.8 
 703.0 	   53.4 	   50.2 
 703.5 	   57.0 	   65.0 
 704.0 	   67.3 	   63.9 
 704.5 	   61.3 	   63.6 
 705.0 	   63.6 	   59.9 
 705.5 	   61.1 	   64.4 
 706.0 	   67.5 	   66.7 
 706.5 	   56.2 	   59.9 
 707.0 	   60.1 	   64.8 
 707.5 	   62.3 	   63.2 
 708.0 	   69.8 	   66.4 
 708.5 	   56.0 	   55.6 
 709.0 	   59.8 	   64.3 
 709.5 	   57.0 	   53.5 
 710.0 	   69.2 	   67.7 
 710.5 	   49.8 	   63.3 
 711.0 	   60.0 	   63.1 
 711.5 	   61.4 	   55.1 
 712.0 	   66.0 	   66.5 
 712.5 	   51.8 	   65.8 
 713.0 	   57.8 	   62.1 
 713.5 	   60.0 	   66.9 
 714.0 	   66.9 	   65.1 
 714.5 	   57.1 	   65.6 
 715.0 	   62.0 	   62.8 
 715.5 	   55.2 	   64.3 
 716.0 	   66.9 	   60.5 
 716.5 	   41.2 	   58.8 
 717.0 	   63.2 	   65.4 
 717.5 	   54.6 	   68.8 
 718.0 	   68.2 	   63.6 
 718.5 	   59.6 	   64.2 
 719.0 	   59.7 	   61.9 
 719.5 	   59.8 	   66.4 
 720.0 	   68.3 	   58.7 
 720.5 	   49.5 	   55.5 
 721.0 	   59.8 	   62.6 
 721.5 	   58.0 	   63.2 
 722.0 	   65.3 	   54.6 
 722.5 	   33.6 	   57.9 
 723.0 	   56.1 	   61.9 
 723.5 	   65.7 	   62.7 
 724.0 	   61.4 	   59.6 
 724.5 	   47.8 	   59.9 
 725.0 	   59.2 	   59.6 
 725.5 	   53.5 	   58.6 
 726.0 	   60.1 	   64.0 
 726.5 	   56.3 	   69.4 
 727.0 	   61.9 	   66.0 
 727.5 	   54.6 	   33.5 
 728.0 	   59.4 	   57.9 
 728.5 	   56.5 	   63.5 
 729.0 	   57.5 	   60.8 
 729.5 	   53.3 	   63.3 
 730.0 	   63.8 	   65.0 
 730.5 	   59.4 	   66.9 
 731.0 	   60.0 	   65.4 
 731.5 	   61.7 	   61.3 
 732.0 	   60.4 	   61.0 
 732.5 	   63.7 	   53.1 
 733.0 	   68.1 	   58.7 
 733.5 	   66.8 	   63.5 
 734.0 	   56.5 	   59.1 
 734.5 	   65.6 	   47.2 
 735.0 	   62.7 	   61.8 
 735.5 	   67.6 	   57.5 
 736.0 	   62.7 	   50.7 
 736.5 	   60.6 	   56.2 
 737.0 	   66.3 	   58.2 
 737.5 	   66.4 	   57.8 
 738.0 	   63.3 	   58.2 
 738.5 	   58.6 	   63.6 
 739.0 	   60.0 	   63.8 
 739.5 	   62.6 	   55.5 
 740.0 	   66.7 	   63.9 
 740.5 	   57.9 	   60.0 
 741.0 	   62.4 	   65.5 
 741.5 	   61.3 	   63.0 
 742.0 	   67.0 	   62.2 
 742.5 	   60.4 	   66.3 
 743.0 	   62.3 	   56.8 
 743.5 	   57.7 	   63.5 
 744.0 	   68.3 	   54.7 
 744.5 	   56.2 	   60.1 
 745.0 	   58.8 	   59.8 
 745.5 	   52.6 	   54.9 
 746.0 	   67.2 	   57.7 
 746.5 	   53.4 	   53.8 
 747.0 	   56.5 	   63.7 
 747.5 	   63.2 	   57.7 
 748.0 	   65.0 	   60.0 
 748.5 	   55.6 	   44.0 
 749.0 	   57.2 	   53.0 
 749.5 	   64.6 	   60.7 
 750.0 	   63.4 	   64.8 
 750.5 	   53.4 	   60.7 
 751.0 	   66.8 	   52.8 
 751.5 	   62.9 	   60.4 
 752.0 	   57.9 	   59.0 
 752.5 	   61.7 	   64.4 
 753.0 	   62.0 	   54.7 
 753.5 	   47.8 	   67.2 
 754.0 	   64.6 	   59.7 
 754.5 	   63.8 	   63.0 
 755.0 	   62.9 	   61.0 
 755.5 	   54.1 	   61.9 
 756.0 	   67.4 	   56.1 
 756.5 	   64.5 	   60.1 
 757.0 	   57.2 	   62.9 
 757.5 	   58.6 	   60.8 
 758.0 	   67.9 	   60.8 
 758.5 	   64.0 	   63.5 
 759.0 	   65.8 	   58.9 
 759.5 	   60.8 	   65.4 
 760.0 	   61.8 	   50.3 
 760.5 	   63.8 	   65.8 
 761.0 	   60.9 	   65.9 
 761.5 	   56.1 	   66.7 
 762.0 	   64.0 	   62.2 
 762.5 	   63.4 	   65.6 
 763.0 	   60.6 	   59.3 
 763.5 	   42.5 	   68.1 
 764.0 	   57.5 	   62.4 
 764.5 	   51.8 	   64.9 
 765.0 	   61.8 	   68.4 
 765.5 	   53.0 	   68.0 
 766.0 	   58.5 	   62.7 
 766.5 	   59.3 	   65.5 
 767.0 	   55.8 	   54.0 
 767.5 	   61.5 	   67.3 
 768.0 	   60.3 	   63.7 
 768.5 	   58.2 	   63.7 
 769.0 	   61.9 	   59.0 
 769.5 	   62.5 	   57.9 
 770.0 	   61.0 	   62.7 
 770.5 	   48.8 	   65.1 
 771.0 	   55.8 	   52.1 
 771.5 	   63.4 	   63.1 
 772.0 	   67.2 	   60.4 
 772.5 	   62.6 	   65.4 
 773.0 	   57.5 	   66.0 
 773.5 	   57.2 	   66.6 
 774.0 	   67.1 	   67.7 
 774.5 	   57.3 	   62.8 
 775.0 	   59.9 	   66.3 
 775.5 	   64.5 	   64.3 
 776.0 	   68.0 	   66.3 
 776.5 	   52.3 	   43.7 
 777.0 	   62.3 	   65.2 
 777.5 	   57.9 	   62.5 
 778.0 	   63.6 	   66.1 
 778.5 	   57.3 	   58.7 
 779.0 	   57.4 	   57.8 
 779.5 	   61.8 	   54.7 
 780.0 	   61.3 	   62.1 
 780.5 	   60.7 	   57.5 
 781.0 	   60.4 	   50.5 
 781.5 	   57.6 	   64.1 
 782.0 	   62.6 	   65.8 
 782.5 	   62.6 	   63.0 
 783.0 	   49.7 	   53.7 
 783.5 	   61.0 	   57.1 
 784.0 	   61.5 	   47.7 
 784.5 	   60.6 	   60.4 
 785.0 	   61.7 	   60.4 
 785.5 	   61.0 	   62.9 
 786.0 	   63.5 	   53.5 
 786.5 	   58.6 	   50.1 
 787.0 	   61.3 	   60.6 
 787.5 	   63.0 	   62.3 
 788.0 	   64.5 	   61.0 
 788.5 	   62.1 	   56.7 
 789.0 	   59.8 	   53.1 
 789.5 	   49.0 	   57.3 
 790.0 	   66.3 	   62.3 
 790.5 	   51.7 	   53.8 
 791.0 	   58.9 	   63.7 
 791.5 	   49.1 	   55.5 
 792.0 	   61.3 	   52.7 
 792.5 	   57.4 	   53.4 
 793.0 	   58.1 	   60.0 
 793.5 	   57.3 	   52.4 
 794.0 	   57.2 	   63.0 
 794.5 	   56.3 	   60.0 
 795.0 	   62.9 	   58.6 
 795.5 	   59.2 	   59.6 
 796.0 	   56.0 	   29.4 
 796.5 	   59.7 	   60.4 
 797.0 	   59.9 	   58.9 
 797.5 	   56.3 	   60.0 
 798.0 	   47.5 	   64.8 
 798.5 	   66.1 	   67.3 
 799.0 	   51.3 	   59.7 
 799.5 	   56.5 	   67.2 
 800.0 	   61.0 	   57.2 
 800.5 	   64.4 	   61.2 
 801.0 	   56.6 	   65.3 
 801.5 	   49.5 	   66.9 
 802.0 	   62.9 	   62.3 
 802.5 	   65.8 	   59.9 
 803.0 	   63.0 	   61.2 
 803.5 	   52.6 	   70.7 
 804.0 	   51.1 	   65.1 
 804.5 	   61.3 	   56.6 
 805.0 	   63.6 	   62.0 
 805.5 	   55.9 	   67.8 
 806.0 	   53.4 	   60.5 
 806.5 	   60.9 	   62.4 
 807.0 	   59.7 	   61.9 
 807.5 	   59.4 	   60.1 
 808.0 	   56.8 	   61.4 
 808.5 	   60.0 	   48.4 
 809.0 	   47.8 	   54.8 
 809.5 	   62.5 	   63.2 
 810.0 	   57.6 	   63.9 
 810.5 	   59.0 	   64.9 
 811.0 	   54.6 	   60.8 
 811.5 	   58.5 	   59.2 
 812.0 	   60.7 	   64.6 
 812.5 	   50.9 	   60.3 
 813.0 	   63.6 	   66.5 
 813.5 	   62.3 	   68.5 
 814.0 	   59.1 	   56.8 
 814.5 	   59.5 	   60.2 
 815.0 	   60.3 	   63.6 
 815.5 	   55.7 	   65.3 
 816.0 	   60.7 	   60.7 
 816.5 	   57.1 	   56.9 
 817.0 	   64.3 	   58.5 
 817.5 	   61.4 	   59.1 
 818.0 	   47.0 	   57.3 
 818.5 	   60.1 	   62.3 
 819.0 	   63.2 	   61.1 
 819.5 	   62.7 	   55.9 
 820.0 	   59.5 	   59.4 
 820.5 	   55.8 	   58.6 
 821.0 	   65.5 	   60.8 
 821.5 	   53.2 	   60.6 
 822.0 	   61.0 	   63.4 
 822.5 	   60.8 	   63.2 
 823.0 	   43.4 	   61.3 
 823.5 	   60.1 	   57.1 
 824.0 	   61.7 	   61.8 
 824.5 	   59.8 	   62.6 
 825.0 	   62.5 	   65.8 
 825.5 	   59.6 	   57.4 
 826.0 	   53.9 	   61.6 
 826.5 	   60.0 	   67.1 
 827.0 	   67.1 	   68.2 
 827.5 	   58.1 	   57.3 
 828.0 	   65.1 	   62.6 
 828.5 	   64.0 	   69.0 
 829.0 	   46.3 	   62.1 
 829.5 	   59.9 	   60.9 
 830.0 	   63.5 	   59.5 
 830.5 	   63.3 	   64.6 
 831.0 	   60.7 	   62.3 
 831.5 	   63.2 	   58.5 
 832.0 	   63.0 	   58.2 
 832.5 	   62.7 	   62.7 
 833.0 	   50.5 	   59.2 
 833.5 	   62.8 	   66.8 
 834.0 	   64.3 	   64.2 
 834.5 	   61.3 	   57.0 
 835.0 	   54.9 	   61.1 
 835.5 	   63.3 	   61.2 
 836.0 	   63.5 	   52.2 
 836.5 	   66.3 	   66.6 
 837.0 	   49.3 	   65.7 
 837.5 	   57.6 	   55.1 
 838.0 	   65.0 	   63.1 
 838.5 	   59.6 	   67.0 
 839.0 	   62.6 	   63.6 
 839.5 	   61.0 	   54.6 
 840.0 	   59.0 	   60.0 
 840.5 	   64.7 	   66.4 
 841.0 	   60.5 	   63.8 
 841.5 	   57.8 	   57.5 
 842.0 	   63.4 	   66.6 
 842.5 	   63.0 	   62.5 
 843.0 	   54.4 	   58.1 
 843.5 	   56.8 	   62.7 
 844.0 	   58.9 	   65.5 
 844.5 	   55.3 	   67.6 
 845.0 	   58.6 	   59.0 
 845.5 	   56.6 	   57.1 
 846.0 	   52.3 	   58.6 
 846.5 	   60.6 	   69.1 
 847.0 	   53.9 	   56.5 
 847.5 	   42.9 	   57.3 
 848.0 	   56.9 	   61.7 
 848.5 	   57.0 	   65.4 
 849.0 	   57.9 	   55.1 
 849.5 	   54.4 	   62.8 
 850.0 	   60.5 	   52.1 
 850.5 	   60.7 	   66.6 
 851.0 	   58.2 	   61.2 
 851.5 	   58.3 	   54.1 
 852.0 	   60.5 	   60.6 
 852.5 	   47.6 	   51.6 
 853.0 	   63.2 	   58.8 
 853.5 	   54.4 	   65.0 
 854.0 	   62.1 	   64.5 
 854.5 	   57.7 	   60.8 
 855.0 	   62.2 	   64.2 
 855.5 	   59.7 	   61.7 
 856.0 	   59.5 	   67.7 
 856.5 	   54.1 	   51.0 
 857.0 	   61.9 	   65.5 
 857.5 	   58.0 	   66.6 
 858.0 	   57.7 	   65.4 
 858.5 	   60.3 	   56.8 
 859.0 	   57.5 	   68.7 
 859.5 	   60.8 	   57.7 
 860.0 	   56.2 	   69.4 
 860.5 	   54.0 	   64.2 
 861.0 	   51.5 	   69.2 
 861.5 	   51.1 	   66.4 
 862.0 	   66.9 	   68.7 
 862.5 	   49.7 	   64.7 
 863.0 	   58.7 	   67.4 
 863.5 	   61.6 	   56.8 
 864.0 	   65.7 	   65.8 
 864.5 	   50.3 	   69.8 
 865.0 	   63.0 	   62.7 
 865.5 	   59.0 	   57.5 
 866.0 	   67.7 	   66.3 
 866.5 	   54.7 	   69.8 
 867.0 	   51.3 	   57.8 
 867.5 	   60.4 	   62.3 
 868.0 	   60.5 	   59.1 
 868.5 	   51.9 	   63.2 
 869.0 	   51.3 	   58.2 
 869.5 	   55.0 	   64.1 
 870.0 	   61.1 	   51.8 
 870.5 	   50.5 	   67.4 
 871.0 	   58.8 	   58.2 
 871.5 	   61.5 	   54.3 
 872.0 	   56.8 	   52.9 
 872.5 	   53.5 	   64.9 
 873.0 	   64.1 	   64.5 
 873.5 	   54.6 	   55.5 
 874.0 	   61.3 	   63.2 
 874.5 	   53.7 	   66.6 
 875.0 	   59.2 	   66.6 
 875.5 	   55.8 	   53.8 
 876.0 	   61.6 	   65.8 
 876.5 	   63.3 	   55.8 
 877.0 	   44.6 	   59.5 
 877.5 	   54.0 	   60.6 
 878.0 	   67.2 	   64.2 
 878.5 	   63.2 	   46.3 
 879.0 	   55.9 	   60.6 
 879.5 	   53.8 	   57.2 
 880.0 	   62.9 	   63.6 
 880.5 	   63.7 	   65.2 
 881.0 	   52.1 	   66.2 
 881.5 	   56.3 	   58.2 
 882.0 	   55.0 	   57.2 
 882.5 	   61.1 	   67.1 
 883.0 	   60.2 	   60.3 
 883.5 	   56.1 	   59.6 
 884.0 	   60.5 	   56.8 
 884.5 	   64.3 	   65.8 
 885.0 	   60.0 	   64.2 
 885.5 	   53.9 	   68.0 
 886.0 	   63.2 	   60.1 
 886.5 	   57.9 	   63.5 
 887.0 	   62.9 	   66.7 
 887.5 	   57.2 	   66.1 
 888.0 	   62.2 	   59.1 
 888.5 	   59.3 	   60.2 
 889.0 	   48.9 	   62.1 
 889.5 	   51.9 	   61.0 
 890.0 	   50.5 	   44.7 
 890.5 	   54.6 	   57.0 
 891.0 	   50.0 	   57.9 
 891.5 	   56.2 	   67.7 
 892.0 	   54.9 	   60.9 
 892.5 	   52.3 	   44.7 
 893.0 	   54.4 	   58.2 
 893.5 	   60.5 	   58.3 
 894.0 	   55.6 	   64.3 
 894.5 	   54.7 	   66.1 
 895.0 	   61.0 	   57.3 
 895.5 	   56.5 	   64.9 
 896.0 	   62.4 	   58.6 
 896.5 	   59.2 	   63.6 
 897.0 	   62.5 	   55.6 
 897.5 	   55.3 	   58.1 
 898.0 	   49.6 	   61.0 
 898.5 	   62.6 	   57.6 
 899.0 	   63.0 	   57.7 
 899.5 	   38.6 	   61.9 
 900.0 	   59.0 	   65.2 
 900.5 	   59.9 	   56.6 
 901.0 	   57.5 	   52.3 
 901.5 	   50.6 	   53.5 
 902.0 	   62.1 	   64.8 
 902.5 	   62.2 	   54.3 
 903.0 	   62.5 	   61.0 
 903.5 	   52.0 	   65.3 
 904.0 	   60.2 	   59.7 
 904.5 	   63.8 	   62.1 
 905.0 	   62.6 	   54.6 
 905.5 	   60.5 	   63.9 
 906.0 	   59.1 	   64.0 
 906.5 	   59.6 	   57.8 
 907.0 	   65.2 	   64.0 
 907.5 	   52.3 	   60.3 
 908.0 	   61.1 	   56.8 
 908.5 	   51.6 	   63.6 
 909.0 	   55.3 	   52.9 
 909.5 	   54.8 	   61.4 
 910.0 	   51.5 	   62.0 
 910.5 	   61.3 	   61.2 
 911.0 	   62.2 	   62.5 
 911.5 	   48.4 	   62.8 
 912.0 	   53.7 	   66.7 
 912.5 	   62.9 	   62.4 
 913.0 	   47.9 	   51.9 
 913.5 	   44.4 	   60.2 
 914.0 	   53.9 	   63.8 
 914.5 	   63.0 	   58.4 
 915.0 	   62.2 	   56.0 
 915.5 	   54.9 	   57.7 
 916.0 	   51.0 	   65.5 
 916.5 	   59.0 	   66.0 
 917.0 	   65.6 	   56.7 
 917.5 	   58.7 	   55.9 
 918.0 	   52.4 	   57.8 
 918.5 	   63.0 	   60.4 
 919.0 	   63.0 	   63.7 
 919.5 	   58.6 	   54.0 
 920.0 	   51.8 	   65.4 
 920.5 	   64.9 	   58.4 
 921.0 	   55.1 	   65.8 
 921.5 	   64.0 	   61.4 
 922.0 	   60.3 	   63.0 
 922.5 	   65.9 	   65.8 
 923.0 	   60.1 	   64.1 
 923.5 	   49.5 	   65.1 
 924.0 	   58.8 	   61.3 
 924.5 	   61.1 	   62.4 
 925.0 	   60.3 	   61.4 
 925.5 	   59.4 	   55.6 
 926.0 	   56.8 	   62.5 
 926.5 	   62.7 	   56.3 
 927.0 	   61.3 	   58.2 
 927.5 	   53.7 	   65.2 
 928.0 	   44.2 	   59.4 
 928.5 	   60.0 	   48.8 
 929.0 	   57.1 	   54.8 
 929.5 	   64.9 	   64.3 
 930.0 	   47.0 	   54.0 
 930.5 	   52.7 	   63.9 
 931.0 	   53.4 	   61.9 
 931.5 	   60.9 	   56.2 
 932.0 	   56.2 	   59.3 
 932.5 	   63.0 	   56.7 
 933.0 	   59.1 	   64.2 
 933.5 	   52.3 	   55.4 
 934.0 	   59.5 	   63.0 
 934.5 	   61.9 	   66.2 
 935.0 	   60.0 	   64.5 
 935.5 	   62.7 	   56.8 
 936.0 	   55.0 	   48.7 
 936.5 	   41.9 	   64.6 
 937.0 	   62.5 	   61.1 
 937.5 	   66.6 	   52.1 
 938.0 	   57.4 	   52.6 
 938.5 	   50.5 	   58.9 
 939.0 	   61.9 	   52.7 
 939.5 	   63.2 	   68.3 
 940.0 	   50.9 	   55.7 
 940.5 	   64.3 	   63.7 
 941.0 	   58.7 	   63.6 
 941.5 	   58.4 	   64.3 
 942.0 	   56.5 	   61.2 
 942.5 	   60.8 	   66.9 
 943.0 	   61.0 	   64.9 
 943.5 	   52.6 	   52.3 
 944.0 	   50.5 	   62.0 
 944.5 	   51.9 	   63.9 
 945.0 	   60.4 	   46.5 
 945.5 	   60.2 	   66.8 
 946.0 	   62.7 	   56.2 
 946.5 	   53.4 	   59.6 
 947.0 	   59.0 	   58.5 
 947.5 	   53.9 	   56.8 
 948.0 	   67.8 	   61.8 
 948.5 	   53.5 	   64.0 
 949.0 	   65.4 	   60.7 
 949.5 	   58.9 	   57.9 
 950.0 	   61.5 	   65.6 
 950.5 	   56.0 	   65.9 
 951.0 	   62.7 	   51.9 
 951.5 	   61.6 	   58.4 
 952.0 	   60.3 	   50.3 
 952.5 	   45.9 	   63.9 
 953.0 	   60.0 	   56.1 
 953.5 	   60.7 	   67.8 
 954.0 	   65.2 	   68.6 
 954.5 	   56.9 	   65.8 
 955.0 	   59.4 	   60.7 
 955.5 	   55.1 	   58.6 
 956.0 	   62.5 	   68.0 
 956.5 	   66.3 	   64.5 
 957.0 	   61.0 	   59.8 
 957.5 	   63.2 	   59.3 
 958.0 	   55.3 	   67.2 
 958.5 	   63.0 	   63.1 
 959.0 	   61.2 	   57.3 
 959.5 	   59.6 	   64.5 
 960.0 	   54.0 	   64.0 
 960.5 	   60.5 	   71.0 
 961.0 	   62.5 	   56.7 
 961.5 	   46.6 	   52.7 
 962.0 	   58.2 	   54.3 
 962.5 	   63.7 	   71.3 
 963.0 	   62.3 	   62.0 
 963.5 	   60.7 	   65.1 
 964.0 	   56.1 	   62.6 
 964.5 	   61.7 	   68.9 
 965.0 	   60.6 	   64.8 
 965.5 	   54.7 	   64.1 
 966.0 	   63.6 	   59.2 
 966.5 	   58.0 	   57.4 
 967.0 	   47.8 	   61.8 
 967.5 	   58.6 	   58.1 
 968.0 	   64.2 	   58.1 
 968.5 	   58.5 	   65.2 
 969.0 	   60.8 	   56.8 
 969.5 	   56.9 	   55.5 
 970.0 	   61.2 	   65.0 
 970.5 	   61.0 	   54.0 
 971.0 	   61.5 	   66.9 
 971.5 	   53.5 	   57.9 
 972.0 	   66.0 	   69.6 
 972.5 	   58.9 	   66.8 
 973.0 	   66.6 	   56.1 
 973.5 	   58.5 	   61.0 
 974.0 	   55.7 	   65.6 
 974.5 	   61.4 	   66.8 
 975.0 	   67.3 	   66.7 
 975.5 	   55.7 	   58.7 
 976.0 	   50.7 	   52.5 
 976.5 	   60.8 	   62.6 
 977.0 	   57.3 	   70.8 
 977.5 	   54.9 	   52.5 
 978.0 	   46.8 	   67.9 
 978.5 	   59.8 	   62.5 
 979.0 	   59.1 	   65.7 
 979.5 	   57.2 	   62.0 
 980.0 	   56.9 	   67.2 
 980.5 	   58.0 	   49.1 
 981.0 	   64.8 	   62.0 
 981.5 	   56.7 	   68.7 
 982.0 	   62.4 	   34.1 
 982.5 	   59.5 	   64.2 
 983.0 	   65.7 	   66.5 
 983.5 	   60.4 	   69.8 
 984.0 	   67.0 	   57.7 
 984.5 	   56.1 	   63.0 
 985.0 	   60.9 	   66.2 
 985.5 	   51.8 	   57.8 
 986.0 	   60.5 	   61.4 
 986.5 	   54.8 	   61.1 
 987.0 	   62.9 	   64.3 
 987.5 	   62.3 	   66.3 
 988.0 	   62.4 	   55.0 
 988.5 	   60.5 	   56.8 
 989.0 	   62.3 	   64.8 
 989.5 	   62.1 	   70.2 
 990.0 	   58.3 	   61.6 
 990.5 	   47.7 	   53.5 
 991.0 	   60.2 	   59.9 
 991.5 	   62.4 	   64.3 
 992.0 	   39.9 	   65.4 
 992.5 	   59.9 	   62.0 
 993.0 	   61.0 	   55.3 
 993.5 	   64.3 	   63.1 
 994.0 	   57.3 	   69.0 
 994.5 	   60.1 	   64.7 
 995.0 	   65.8 	   60.9 
 995.5 	   58.6 	   59.0 
 996.0 	   57.0 	   59.7 
 996.5 	   59.0 	   67.6 
 997.0 	   64.6 	   63.2 
 997.5 	   56.3 	   60.8 
 998.0 	   59.1 	   63.5 
 998.5 	   57.8 	   62.6 
 999.0 	   64.4 	   65.4 
 999.5 	   57.6 	   65.2 
1000.0 	   62.5 	   60.4 
1000.5 	   58.7 	   49.2 
1001.0 	   64.5 	   67.1 
1001.5 	   60.6 	   67.5 
1002.0 	   62.8 	   61.7 
1002.5 	   59.7 	   46.6 
1003.0 	   57.2 	   59.5 
1003.5 	   63.6 	   62.0 
1004.0 	   57.4 	   65.6 
1004.5 	   63.6 	   60.2 
1005.0 	   64.1 	   63.4 
1005.5 	   54.9 	   59.4 
1006.0 	   60.5 	   67.6 
1006.5 	   61.7 	   66.1 
1007.0 	   65.2 	   67.5 
1007.5 	   49.2 	   64.3 
1008.0 	   58.9 	   64.9 
1008.5 	   65.3 	   68.8 
1009.0 	   65.2 	   64.8 
1009.5 	   57.0 	   58.7 
1010.0 	   57.9 	   61.3 
1010.5 	   64.5 	   62.5 
1011.0 	   59.8 	   61.9 
1011.5 	   61.7 	   59.5 
1012.0 	   54.3 	   64.9 
1012.5 	   55.8 	   63.5 
1013.0 	   64.6 	   64.4 
1013.5 	   60.3 	   55.2 
1014.0 	   53.9 	   53.8 
1014.5 	   60.9 	   60.7 
1015.0 	   67.3 	   58.7 
1015.5 	   59.0 	   61.5 
1016.0 	   59.6 	   67.3 
1016.5 	   52.7 	   66.2 
1017.0 	   58.2 	   59.1 
1017.5 	   60.1 	   46.2 
1018.0 	   55.4 	   69.3 
1018.5 	   63.1 	   62.8 
1019.0 	   50.1 	   69.8 
1019.5 	   55.6 	   47.0 
1020.0 	   61.7 	   65.7 
1020.5 	   67.2 	   57.0 
1021.0 	   60.8 	   65.5 
1021.5 	   63.3 	   63.2 
1022.0 	   29.8 	   67.0 
1022.5 	   64.0 	   39.7 
1023.0 	   63.6 	   59.7 
1023.5 	   66.9 	   46.9 
1024.0 	   66.3 	   67.4 
1024.5 	   56.2 	   65.4 
1025.0 	   69.5 	   55.8 
1025.5 	   64.1 	   62.1 
1026.0 	   60.4 	   47.8 
1026.5 	   51.8 	   66.9 
1027.0 	   66.8 	   41.1 
1027.5 	   60.6 	   63.7 
1028.0 	   58.6 	   66.4 
1028.5 	   56.5 	   61.2 
1029.0 	   62.7 	   60.2 
1029.5 	   61.7 	   64.3 
1030.0 	   59.8 	   62.2 
1030.5 	   65.1 	   61.0 
1031.0 	   62.9 	   68.4 
1031.5 	   57.5 	   61.9 
1032.0 	   61.1 	   57.6 
1032.5 	   64.4 	   63.3 
1033.0 	   65.0 	   65.3 
1033.5 	   56.6 	   66.5 
1034.0 	   53.6 	   62.6 
1034.5 	   61.5 	   58.4 
1035.0 	   62.9 	   70.4 
1035.5 	   61.2 	   62.2 
1036.0 	   67.7 	   65.6 
1036.5 	   57.3 	   61.5 
1037.0 	   66.0 	   69.2 
1037.5 	   62.9 	   59.4 
1038.0 	   60.2 	   53.8 
1038.5 	   59.4 	   58.2 
1039.0 	   68.3 	   63.6 
1039.5 	   59.9 	   53.6 
1040.0 	   61.7 	   56.9 
1040.5 	   61.5 	   56.3 
1041.0 	   63.9 	   55.0 
1041.5 	   51.5 	   45.4 
1042.0 	   58.1 	   58.6 
1042.5 	   64.9 	   66.6 
1043.0 	   58.9 	   64.3 
1043.5 	   63.0 	   54.5 
1044.0 	   58.3 	   59.5 
1044.5 	   60.2 	   68.4 
1045.0 	   66.1 	   66.8 
1045.5 	   63.7 	   64.8 
1046.0 	   58.8 	   66.0 
1046.5 	   66.6 	   59.1 
1047.0 	   60.9 	   63.6 
1047.5 	   61.6 	   60.3 
1048.0 	   60.4 	   65.0 
1048.5 	   61.9 	   63.6 
1049.0 	   62.6 	   66.4 
1049.5 	   59.4 	   55.5 
1050.0 	   55.5 	   63.3 
1050.5 	   54.6 	   57.8 
1051.0 	   66.5 	   60.1 
1051.5 	   61.2 	   37.9 
1052.0 	   61.2 	   64.2 
1052.5 	   61.1 	   59.3 
1053.0 	   63.7 	   67.7 
1053.5 	   55.0 	   58.6 
1054.0 	   59.1 	   60.0 
1054.5 	   61.7 	   55.6 
1055.0 	   65.1 	   63.1 
1055.5 	   59.1 	   64.0 
1056.0 	   62.8 	   64.6 
1056.5 	   68.0 	   56.4 
1057.0 	   67.1 	   59.3 
1057.5 	   62.8 	   53.7 
1058.0 	   61.1 	   58.4 
1058.5 	   61.0 	   61.7 
1059.0 	   61.9 	   66.8 
1059.5 	   59.6 	   63.3 
1060.0 	   59.0 	   66.7 
1060.5 	   60.5 	   65.4 
1061.0 	   61.4 	   63.6 
1061.5 	   65.1 	   57.7 
1062.0 	   52.8 	   55.9 
1062.5 	   60.9 	   55.0 
1063.0 	   64.7 	   63.9 
1063.5 	   59.2 	   60.7 
1064.0 	   56.8 	   56.2 
1064.5 	   40.9 	   53.8 
1065.0 	   64.6 	   60.5 
1065.5 	   60.4 	   58.5 
1066.0 	   62.1 	   60.2 
1066.5 	   61.6 	   64.1 
1067.0 	   66.6 	   57.4 
1067.5 	   54.3 	   60.9 
1068.0 	   60.7 	   67.0 
1068.5 	   62.2 	   62.1 
1069.0 	   59.6 	   61.7 
1069.5 	   58.9 	   54.7 
1070.0 	   56.3 	   65.3 
1070.5 	   64.2 	   65.2 
1071.0 	   62.1 	   64.3 
1071.5 	   61.0 	   58.9 
1072.0 	   59.4 	   55.2 
1072.5 	   58.5 	   65.4 
1073.0 	   62.2 	   63.1 
1073.5 	   66.8 	   53.1 
1074.0 	   61.6 	   38.0 
1074.5 	   59.5 	   64.5 
1075.0 	   63.2 	   66.4 
1075.5 	   60.1 	   62.1 
1076.0 	   59.5 	   66.2 
1076.5 	   62.6 	   65.0 
1077.0 	   68.1 	   56.0 
1077.5 	   63.4 	   61.4 
1078.0 	   63.9 	   62.0 
1078.5 	   65.6 	   65.7 
1079.0 	   68.1 	   58.0 
1079.5 	   56.7 	   58.6 
1080.0 	   56.3 	   65.7 
1080.5 	   59.2 	   53.6 
1081.0 	   66.9 	   67.3 
1081.5 	   47.7 	   49.3 
1082.0 	   56.7 	   65.3 
1082.5 	   62.7 	   61.6 
1083.0 	   54.6 	   66.5 
1083.5 	   65.2 	   53.6 
1084.0 	   62.3 	   48.5 
1084.5 	   60.4 	   57.5 
1085.0 	   59.5 	   51.6 
1085.5 	   63.7 	   61.9 
1086.0 	   62.8 	   66.0 
1086.5 	   61.9 	   64.2 
1087.0 	   67.4 	   62.6 
1087.5 	   60.7 	   55.9 
1088.0 	   53.3 	   56.2 
1088.5 	   60.1 	   64.9 
1089.0 	   69.5 	   41.9 
1089.5 	   65.6 	   62.6 
1090.0 	   58.6 	   65.5 
1090.5 	   59.1 	   60.0 
1091.0 	   53.6 	   67.3 
1091.5 	   56.3 	   59.2 
1092.0 	   56.3 	   69.3 
1092.5 	   64.1 	   60.3 
1093.0 	   61.7 	   64.6 
1093.5 	   62.6 	   66.5 
1094.0 	   62.4 	   60.8 
1094.5 	   58.3 	   61.4 
1095.0 	   63.4 	   60.5 
1095.5 	   61.7 	   59.2 
1096.0 	   65.7 	   50.3 
1096.5 	   57.9 	   62.5 
1097.0 	   70.5 	   52.0 
1097.5 	   63.2 	   65.1 
1098.0 	   53.3 	   61.2 
1098.5 	   58.9 	   59.9 
1099.0 	   69.4 	   54.4 
1099.5 	   58.6 	   68.0 
1100.0 	   62.7 	   66.6 
1100.5 	   66.6 	   62.6 
1101.0 	   52.7 	   66.0 
1101.5 	   54.5 	   63.9 
1102.0 	   62.1 	   56.3 
1102.5 	   65.0 	   56.4 
1103.0 	   68.0 	   66.1 
1103.5 	   60.6 	   58.5 
1104.0 	   60.4 	   58.2 
1104.5 	   62.5 	   47.4 
1105.0 	   66.0 	   57.1 
1105.5 	   59.3 	   65.5 
1106.0 	   63.6 	   61.8 
1106.5 	   63.1 	   52.7 
1107.0 	   66.3 	   60.1 
1107.5 	   56.1 	   60.3 
1108.0 	   61.3 	   54.1 
1108.5 	   60.2 	   65.1 
1109.0 	   69.4 	   65.1 
1109.5 	   61.5 	   68.2 
1110.0 	   62.9 	   47.9 
1110.5 	   56.3 	   63.8 
1111.0 	   59.5 	   63.9 
1111.5 	   56.6 	   68.0 
1112.0 	   63.8 	   59.7 
1112.5 	   62.3 	   60.8 
1113.0 	   69.0 	   68.4 
1113.5 	   54.7 	   43.6 
1114.0 	   62.0 	   56.8 
1114.5 	   62.0 	   58.9 
1115.0 	   64.1 	   58.4 
1115.5 	   57.9 	   66.1 
1116.0 	   59.9 	   59.5 
1116.5 	   57.9 	   55.9 
1117.0 	   57.0 	   49.2 
1117.5 	   53.8 	   52.9 
1118.0 	   60.5 	   67.8 
1118.5 	   55.0 	   64.1 
1119.0 	   58.1 	   55.9 
1119.5 	   64.0 	   64.1 
1120.0 	   59.8 	   59.4 
1120.5 	   64.3 	   65.6 
1121.0 	   66.7 	   61.4 
1121.5 	   58.2 	   64.4 
1122.0 	   57.2 	   66.1 
1122.5 	   67.2 	   64.2 
1123.0 	   69.7 	   63.9 
1123.5 	   49.2 	   50.2 
1124.0 	   52.1 	   63.8 
1124.5 	   64.7 	   64.6 
1125.0 	   62.6 	   64.2 
1125.5 	   57.4 	   67.3 
1126.0 	   62.0 	   57.7 
1126.5 	   63.1 	   65.3 
1127.0 	   64.3 	   58.2 
1127.5 	   58.8 	   53.1 
1128.0 	   59.7 	   61.1 
1128.5 	   63.9 	   67.6 
1129.0 	   62.4 	   59.7 
1129.5 	   60.3 	   57.6 
1130.0 	   60.7 	   58.7 
1130.5 	   55.7 	   70.3 
1131.0 	   66.7 	   57.2 
1131.5 	   60.1 	   55.0 
1132.0 	   57.0 	   60.0 
1132.5 	   62.0 	   65.5 
1133.0 	   61.4 	   38.9 
1133.5 	   60.8 	   63.1 
1134.0 	   59.7 	   61.4 
1134.5 	   55.0 	   53.2 
1135.0 	   60.7 	   65.0 
1135.5 	   44.7 	   62.8 
1136.0 	   63.7 	   60.0 
1136.5 	   62.9 	   59.1 
1137.0 	   58.2 	   69.4 
1137.5 	   52.7 	   58.1 
1138.0 	   55.3 	   60.4 
1138.5 	   66.1 	   65.7 
1139.0 	   67.2 	   60.4 
1139.5 	   56.9 	   50.2 
1140.0 	   64.1 	   55.0 
1140.5 	   67.3 	   67.8 
1141.0 	   62.3 	   67.5 
1141.5 	   57.5 	   52.2 
1142.0 	   62.6 	   59.6 
1142.5 	   57.2 	   63.0 
1143.0 	   55.9 	   61.8 
1143.5 	   58.7 	   67.0 
1144.0 	   61.4 	   54.6 
1144.5 	   58.0 	   64.6 
1145.0 	   65.9 	   64.6 
1145.5 	   61.8 	   63.6 
1146.0 	   59.7 	   59.1 
1146.5 	   68.4 	   68.4 
1147.0 	   66.1 	   65.2 
1147.5 	   54.6 	   59.7 
1148.0 	   60.1 	   60.6 
1148.5 	   66.9 	   63.4 
1149.0 	   63.4 	   57.2 
1149.5 	   55.2 	   58.3 
1150.0 	   63.5 	   61.7 
1150.5 	   59.8 	   42.8 
1151.0 	   46.2 	   62.1 
1151.5 	   51.8 	   60.1 
1152.0 	   50.5 	   59.8 
1152.5 	   63.4 	   56.5 
1153.0 	   64.9 	   63.1 
1153.5 	   51.5 	   50.3 
1154.0 	   56.0 	   42.4 
1154.5 	   61.8 	   66.6 
1155.0 	   59.8 	   59.7 
1155.5 	   57.8 	   55.3 
1156.0 	   54.7 	   59.3 
1156.5 	   58.8 	   64.9 
1157.0 	   66.3 	   51.1 
1157.5 	   51.0 	   62.1 
1158.0 	   60.1 	   64.2 
1158.5 	   65.0 	   65.8 
1159.0 	   61.1 	   48.4 
1159.5 	   60.9 	   59.5 
1160.0 	   58.4 	   55.4 
1160.5 	   60.6 	   59.1 
1161.0 	   48.1 	   62.2 
1161.5 	   55.1 	   64.6 
1162.0 	   54.7 	   51.7 
1162.5 	   60.2 	   65.0 
1163.0 	   62.7 	   64.5 
1163.5 	   53.7 	   60.7 
1164.0 	   59.0 	   45.6 
1164.5 	   58.4 	   60.2 
1165.0 	   61.3 	   50.5 
1165.5 	   56.6 	   42.7 
1166.0 	   50.3 	   65.1 
1166.5 	   64.7 	   66.1 
1167.0 	   62.9 	   55.4 
1167.5 	   55.6 	   64.2 
1168.0 	   53.2 	   66.3 
1168.5 	   65.5 	   65.0 
1169.0 	   61.3 	   51.9 
1169.5 	   59.1 	   64.0 
1170.0 	   58.3 	   57.6 
1170.5 	   63.4 	   65.7 
1171.0 	   63.4 	   64.3 
1171.5 	   51.0 	   63.8 
1172.0 	   59.6 	   47.9 
1172.5 	   65.9 	   55.4 
1173.0 	   62.8 	   51.6 
1173.5 	   54.9 	   59.2 
1174.0 	   62.8 	   51.3 
1174.5 	   55.2 	   68.6 
1175.0 	   60.3 	   61.0 
1175.5 	   57.7 	   62.3 
1176.0 	   48.0 	   57.0 
1176.5 	   65.3 	   64.2 
1177.0 	   61.7 	   64.6 
1177.5 	   55.7 	   61.4 
1178.0 	   55.3 	   60.9 
1178.5 	   58.6 	   64.6 
1179.0 	   62.6 	   63.0 
1179.5 	   50.9 	   69.9 
1180.0 	   41.7 	   61.9 
1180.5 	   66.9 	   67.9 
1181.0 	   67.7 	   62.5 
1181.5 	   50.5 	   49.5 
1182.0 	   60.5 	   67.0 
1182.5 	   56.2 	   67.3 
1183.0 	   57.8 	   59.7 
1183.5 	   51.5 	   60.8 
1184.0 	   63.8 	   59.5 
1184.5 	   61.1 	   61.0 
1185.0 	   58.8 	   68.0 
1185.5 	   61.7 	   60.4 
1186.0 	   47.5 	   52.7 
1186.5 	   58.7 	   46.3 
1187.0 	   57.6 	   64.6 
1187.5 	   55.3 	   66.9 
1188.0 	   49.9 	   64.2 
1188.5 	   64.0 	   64.2 
1189.0 	   64.1 	   68.4 
1189.5 	   59.2 	   59.8 
1190.0 	   60.3 	   48.0 
1190.5 	   66.3 	   66.0 
1191.0 	   53.1 	   62.6 
1191.5 	   59.4 	   62.0 
1192.0 	   56.0 	   69.9 
1192.5 	   59.2 	   62.4 
1193.0 	   62.3 	   60.1 
1193.5 	   61.0 	   46.3 
1194.0 	   63.3 	   59.5 
1194.5 	   59.5 	   61.9 
1195.0 	   67.3 	   70.8 
1195.5 	   57.5 	   58.6 
1196.0 	   56.6 	   65.6 
1196.5 	   50.0 	   47.7 
1197.0 	   61.2 	   69.2 
1197.5 	   57.6 	   58.6 
1198.0 	   66.7 	   57.8 
1198.5 	   64.4 	   67.8 
1199.0 	   65.2 	   57.7 
1199.5 	   63.2 	   49.8 
1200.0 	   62.6 	   70.4 
1200.5 	   65.2 	   56.9 
1201.0 	   43.3 	   61.4 
1201.5 	   59.1 	   58.2 
1202.0 	   63.2 	   58.1 
1202.5 	   63.6 	   65.0 
1203.0 	   65.5 	   66.9 
1203.5 	   60.3 	   57.7 
1204.0 	   56.9 	   62.0 
1204.5 	   57.0 	   64.6 
1205.0 	   61.4 	   65.8 
1205.5 	   57.7 	   64.5 
1206.0 	   62.9 	   65.6 
1206.5 	   56.2 	   64.5 
1207.0 	   55.8 	   58.8 
1207.5 	   58.4 	   48.7 
1208.0 	   62.9 	   61.9 
1208.5 	   66.7 	   55.0 
1209.0 	   67.6 	   64.8 
1209.5 	   62.7 	   65.8 
1210.0 	   58.6 	   64.5 
1210.5 	   64.5 	   68.4 
1211.0 	   66.3 	   64.7 
1211.5 	   60.3 	   59.2 
1212.0 	   59.8 	   61.5 
1212.5 	   63.9 	   64.9 
1213.0 	   52.4 	   66.4 
1213.5 	   58.8 	   55.0 
1214.0 	   61.1 	   55.8 
1214.5 	   62.7 	   62.2 
1215.0 	   58.5 	   59.8 
1215.5 	   56.4 	   55.8 
1216.0 	   45.4 	   57.0 
1216.5 	   60.1 	   58.4 
1217.0 	   66.0 	   62.6 
1217.5 	   61.7 	   63.4 
1218.0 	   51.3 	   53.6 
1218.5 	   63.6 	   64.6 
1219.0 	   66.0 	   64.5 
1219.5 	   61.4 	   62.6 
1220.0 	   63.6 	   54.6 
1220.5 	   65.5 	   60.8 
1221.0 	   58.3 	   70.0 
1221.5 	   57.4 	   57.5 
1222.0 	   56.1 	   34.8 
1222.5 	   65.5 	   59.4 
1223.0 	   58.8 	   51.7 
1223.5 	   49.4 	   52.7 
1224.0 	   43.8 	   61.1 
1224.5 	   56.5 	   65.2 
1225.0 	   59.3 	   61.8 
1225.5 	   56.4 	   65.5 
1226.0 	   57.2 	   61.9 
1226.5 	   59.9 	   64.0 
1227.0 	   65.0 	   63.8 
1227.5 	   61.5 	   52.4 
1228.0 	   63.4 	   52.5 
1228.5 	   63.4 	   63.8 
1229.0 	   63.1 	   66.6 
1229.5 	   58.6 	   62.7 
1230.0 	   54.0 	   51.3 
1230.5 	   68.5 	   57.7 
1231.0 	   48.3 	   49.1 
1231.5 	   55.6 	   62.8 
1232.0 	   60.9 	   59.8 
1232.5 	   57.3 	   64.7 
1233.0 	   62.2 	   59.1 
1233.5 	   59.5 	   62.2 
1234.0 	   50.1 	   64.2 
1234.5 	   58.4 	   59.5 
1235.0 	   63.4 	   59.5 
1235.5 	   57.2 	   42.7 
1236.0 	   34.7 	   55.4 
1236.5 	   65.7 	   64.1 
1237.0 	   58.2 	   54.7 
1237.5 	   54.3 	   64.8 
1238.0 	   54.1 	   56.7 
1238.5 	   65.2 	   54.1 
1239.0 	   63.0 	   64.1 
1239.5 	   59.2 	   54.4 
1240.0 	   62.2 	   53.8 
1240.5 	   60.7 	   56.8 
1241.0 	   65.7 	   60.4 
1241.5 	   65.5 	   66.3 
1242.0 	   59.7 	   66.4 
1242.5 	   56.6 	   60.9 
1243.0 	   65.9 	   66.8 
1243.5 	   63.2 	   61.8 
1244.0 	   59.0 	   62.9 
1244.5 	   62.0 	   55.7 
1245.0 	   60.0 	   64.2 
1245.5 	   58.8 	   59.6 
1246.0 	   56.6 	   60.5 
1246.5 	   64.8 	   61.5 
1247.0 	   65.1 	   68.3 
1247.5 	   68.3 	   51.9 
1248.0 	   56.1 	   61.8 
1248.5 	   56.8 	   62.0 
1249.0 	   55.7 	   64.1 
1249.5 	   55.6 	   61.9 
1250.0 	   47.2 	   60.4 
1250.5 	   62.3 	   61.3 
1251.0 	   55.0 	   68.8 
1251.5 	   59.2 	   61.2 
1252.0 	   58.7 	   61.3 
1252.5 	   64.2 	   58.0 
1253.0 	   40.3 	   65.1 
1253.5 	   64.8 	   58.6 
1254.0 	   57.0 	   58.6 
1254.5 	   62.2 	   62.4 
1255.0 	   60.7 	   70.5 
1255.5 	   68.2 	   64.6 
1256.0 	   59.0 	   62.0 
1256.5 	   62.9 	   57.8 
1257.0 	   64.5 	   63.0 
1257.5 	   49.9 	   60.5 
1258.0 	   62.3 	   54.5 
1258.5 	   63.5 	   54.5 
1259.0 	   46.5 	   69.4 
1259.5 	   62.2 	   67.6 
1260.0 	   62.8 	   64.8 
1260.5 	   57.4 	   49.0 
1261.0 	   50.1 	   58.3 
1261.5 	   66.8 	   64.9 
1262.0 	   55.7 	   58.0 
1262.5 	   57.1 	   63.6 
1263.0 	   62.3 	   64.4 
1263.5 	   59.7 	   61.7 
1264.0 	   55.8 	   56.7 
1264.5 	   58.6 	   55.4 
1265.0 	   54.8 	   57.3 
1265.5 	   53.7 	   67.4 
1266.0 	   63.6 	   59.3 
1266.5 	   64.5 	   58.6 
1267.0 	   62.1 	   57.3 
1267.5 	   63.4 	   58.2 
1268.0 	   61.3 	   61.9 
1268.5 	   61.9 	   63.1 
1269.0 	   55.3 	   58.3 
1269.5 	   60.3 	   70.6 
1270.0 	   52.6 	   51.6 
1270.5 	   60.7 	   57.9 
1271.0 	   60.3 	   67.8 
1271.5 	   59.1 	   58.6 
1272.0 	   60.4 	   59.7 
1272.5 	   57.4 	   61.4 
1273.0 	   65.1 	   59.6 
1273.5 	   56.3 	   64.6 
1274.0 	   64.2 	   59.0 
1274.5 	   65.9 	   61.5 
1275.0 	   54.8 	   62.3 
1275.5 	   64.9 	   62.7 
1276.0 	   63.0 	   60.0 
1276.5 	   59.4 	   63.7 
1277.0 	   62.0 	   68.3 
1277.5 	   61.7 	   63.6 
1278.0 	   61.7 	   65.4 
1278.5 	   63.2 	   57.0 
1279.0 	   65.0 	   69.0 
1279.5 	   51.5 	   64.8 
1280.0 	   65.5 	   63.6 
1280.5 	   54.6 	   60.3 
1281.0 	   47.9 	   62.4 
1281.5 	   59.8 	   60.3 
1282.0 	   49.7 	   62.7 
1282.5 	   52.2 	   66.5 
1283.0 	   49.2 	   67.7 
1283.5 	   67.5 	   64.3 
1284.0 	   62.7 	   52.8 
1284.5 	   50.4 	   64.6 
1285.0 	   56.8 	   66.4 
1285.5 	   57.4 	   62.3 
1286.0 	   51.1 	   61.6 
1286.5 	   62.8 	   61.9 
1287.0 	   63.2 	   62.7 
1287.5 	   51.7 	   68.0 
1288.0 	   63.5 	   57.2 
1288.5 	   51.8 	   61.7 
1289.0 	   62.5 	   57.6 
1289.5 	   60.9 	   50.7 
1290.0 	   60.9 	   70.1 
1290.5 	   58.4 	   68.3 
1291.0 	   54.7 	   64.5 
1291.5 	   69.7 	   63.2 
1292.0 	   55.3 	   61.6 
1292.5 	   46.6 	   57.8 
1293.0 	   59.8 	   58.1 
1293.5 	   57.7 	   62.9 
1294.0 	   53.5 	   64.1 
1294.5 	   62.4 	   62.5 
1295.0 	   60.9 	   56.3 
1295.5 	   66.5 	   59.1 
1296.0 	   58.3 	   64.7 
1296.5 	   58.4 	   65.6 
1297.0 	   53.6 	   63.5 
1297.5 	   68.6 	   56.3 
1298.0 	   51.6 	   65.7 
1298.5 	   54.5 	   52.5 
1299.0 	   61.5 	   60.9 
1299.5 	   64.9 	   55.1 
1300.0 	   61.3 	   58.9 
1300.5 	   59.7 	   62.3 
1301.0 	   57.0 	   64.7 
1301.5 	   63.2 	   57.4 
1302.0 	   61.2 	   54.2 
1302.5 	   56.3 	   60.0 
1303.0 	   57.0 	   64.0 
1303.5 	   61.3 	   66.1 
1304.0 	   64.3 	   61.8 
1304.5 	   58.1 	   64.1 
1305.0 	   61.0 	   61.9 
1305.5 	   65.3 	   46.4 
1306.0 	   53.6 	   55.2 
1306.5 	   58.7 	   66.8 
1307.0 	   55.3 	   63.7 
1307.5 	   47.3 	   59.6 
1308.0 	   59.6 	   64.6 
1308.5 	   58.0 	   64.4 
1309.0 	   57.4 	   59.4 
1309.5 	   66.4 	   59.5 
1310.0 	   63.0 	   66.6 
1310.5 	   59.5 	   62.8 
1311.0 	   57.4 	   52.4 
1311.5 	   59.3 	   56.4 
1312.0 	   59.7 	   62.7 
1312.5 	   59.1 	   66.1 
1313.0 	   65.9 	   59.7 
1313.5 	   55.6 	   63.3 
1314.0 	   60.2 	   61.5 
1314.5 	   60.0 	   63.8 
1315.0 	   57.1 	   69.4 
1315.5 	   53.2 	   65.0 
1316.0 	   61.7 	   62.5 
1316.5 	   63.2 	   65.0 
1317.0 	   56.7 	   65.5 
1317.5 	   63.7 	   59.7 
1318.0 	   64.0 	   65.3 
1318.5 	   54.8 	   61.6 
1319.0 	   57.9 	   54.0 
1319.5 	   58.8 	   65.6 
1320.0 	   60.0 	   55.6 
1320.5 	   60.9 	   62.1 
1321.0 	   62.6 	   66.7 
1321.5 	   64.5 	   66.4 
1322.0 	   66.1 	   62.8 
1322.5 	   49.2 	   65.4 
1323.0 	   56.1 	   65.1 
1323.5 	   59.1 	   64.9 
1324.0 	   58.7 	   62.3 
1324.5 	   56.8 	   61.8 
1325.0 	   61.0 	   55.8 
1325.5 	   62.2 	   64.6 
1326.0 	   63.1 	   67.2 
1326.5 	   60.8 	   62.4 
1327.0 	   66.3 	   52.8 
1327.5 	   64.5 	   58.7 
1328.0 	   55.5 	   66.7 
1328.5 	   62.0 	   69.3 
1329.0 	   59.6 	   69.1 
1329.5 	   64.3 	   69.2 
1330.0 	   60.1 	   56.5 
1330.5 	   64.7 	   66.7 
1331.0 	   57.4 	   59.0 
1331.5 	   56.5 	   65.6 
1332.0 	   58.0 	   62.9 
1332.5 	   62.4 	   57.0 
1333.0 	   61.4 	   53.4 
1333.5 	   62.7 	   67.4 
1334.0 	   58.7 	   66.3 
1334.5 	   49.9 	   61.9 
1335.0 	   59.4 	   65.5 
1335.5 	   66.3 	   68.4 
1336.0 	   65.1 	   64.5 
1336.5 	   50.1 	   62.6 
1337.0 	   65.2 	   68.4 
1337.5 	   64.2 	   62.4 
1338.0 	   57.9 	   60.4 
1338.5 	   57.2 	   60.6 
1339.0 	   65.9 	   62.4 
1339.5 	   58.6 	   63.3 
1340.0 	   63.1 	   62.5 
1340.5 	   59.5 	   65.1 
1341.0 	   61.5 	   60.8 
1341.5 	   63.6 	   59.6 
1342.0 	   64.9 	   64.7 
1342.5 	   52.2 	   62.4 
1343.0 	   62.7 	   69.3 
1343.5 	   65.8 	   63.6 
1344.0 	   57.6 	   65.8 
1344.5 	   65.1 	   59.3 
1345.0 	   65.6 	   65.4 
1345.5 	   62.7 	   64.9 
1346.0 	   65.9 	   57.6 
1346.5 	   50.6 	   62.7 
1347.0 	   64.6 	   60.4 
1347.5 	   51.4 	   62.1 
1348.0 	   60.1 	   59.6 
1348.5 	   61.1 	   69.3 
1349.0 	   60.7 	   63.5 
1349.5 	   65.5 	   56.4 
1350.0 	   59.8 	   69.4 
1350.5 	   60.3 	   63.9 
1351.0 	   64.8 	   70.4 
1351.5 	   64.9 	   59.7 
1352.0 	   54.1 	   68.9 
1352.5 	   54.6 	   62.3 
1353.0 	   61.8 	   63.1 
1353.5 	   51.3 	   66.1 
1354.0 	   64.0 	   60.4 
1354.5 	   61.3 	   62.0 
1355.0 	   63.5 	   63.6 
1355.5 	   62.9 	   52.1 
1356.0 	   63.1 	   67.8 
1356.5 	   53.3 	   64.0 
1357.0 	   66.7 	   71.9 
1357.5 	   69.2 	   69.7 
1358.0 	   56.6 	   63.6 
1358.5 	   59.2 	   66.0 
1359.0 	   62.6 	   56.4 
1359.5 	   60.9 	   66.0 
1360.0 	   64.5 	   58.3 
1360.5 	   50.1 	   64.7 
1361.0 	   62.6 	   67.5 
1361.5 	   61.6 	   66.5 
1362.0 	   56.5 	   66.9 
1362.5 	   58.7 	   63.7 
1363.0 	   66.5 	   67.4 
1363.5 	   66.7 	   63.7 
1364.0 	   60.8 	   65.4 
1364.5 	   66.0 	   52.8 
1365.0 	   59.9 	   64.6 
1365.5 	   64.0 	   63.5 
1366.0 	   55.9 	   66.1 
1366.5 	   62.0 	   59.7 
1367.0 	   63.0 	   66.8 
1367.5 	   60.9 	   63.5 
1368.0 	   53.3 	   68.7 
1368.5 	   39.2 	   63.1 
1369.0 	   50.0 	   67.1 
1369.5 	   69.2 	   66.0 
1370.0 	   59.2 	   62.9 
1370.5 	   60.6 	   69.4 
1371.0 	   62.1 	   57.3 
1371.5 	   61.1 	   64.4 
1372.0 	   54.3 	   66.1 
1372.5 	   61.9 	   65.9 
1373.0 	   57.3 	   65.8 
1373.5 	   57.4 	   58.6 
1374.0 	   50.8 	   66.5 
1374.5 	   59.2 	   59.5 
1375.0 	   54.9 	   63.4 
1375.5 	   67.3 	   65.8 
1376.0 	   66.2 	   66.2 
1376.5 	   54.8 	   65.0 
1377.0 	   64.2 	   65.7 
1377.5 	   55.0 	   59.2 
1378.0 	   49.4 	   61.1 
1378.5 	   57.1 	   67.9 
1379.0 	   61.4 	   69.4 
1379.5 	   63.4 	   60.4 
1380.0 	   64.2 	   63.8 
1380.5 	   57.4 	   62.2 
1381.0 	   61.0 	   56.8 
1381.5 	   65.2 	   57.9 
1382.0 	   69.3 	   59.4 
1382.5 	   55.4 	   66.9 
1383.0 	   48.9 	   70.4 
1383.5 	   57.3 	   61.0 
1384.0 	   56.9 	   60.8 
1384.5 	   56.2 	   67.1 
1385.0 	   65.9 	   60.6 
1385.5 	   65.7 	   60.2 
1386.0 	   64.5 	   58.9 
1386.5 	   64.2 	   68.0 
1387.0 	   61.1 	   60.1 
1387.5 	   65.3 	   66.7 
1388.0 	   61.8 	   69.5 
1388.5 	   49.0 	   67.6 
1389.0 	   57.9 	   70.2 
1389.5 	   63.2 	   63.2 
1390.0 	   62.2 	   70.0 
1390.5 	   55.1 	   61.7 
1391.0 	   66.5 	   66.3 
1391.5 	   68.2 	   45.4 
1392.0 	   56.2 	   61.4 
1392.5 	   57.5 	   70.2 
1393.0 	   63.0 	   67.7 
1393.5 	   62.6 	   64.4 
1394.0 	   44.8 	   42.8 
1394.5 	   44.1 	   66.1 
1395.0 	   61.0 	   59.9 
1395.5 	   65.0 	   40.2 
1396.0 	   68.0 	   56.5 
1396.5 	   61.1 	   59.0 
1397.0 	   63.5 	   59.3 
1397.5 	   67.4 	   62.6 
1398.0 	   61.0 	   60.6 
1398.5 	   63.3 	   67.7 
1399.0 	   53.1 	   61.6 
1399.5 	   66.9 	   64.2 
1400.0 	   55.2 	   64.9 
1400.5 	   58.6 	   66.5 
1401.0 	   53.5 	   66.8 
1401.5 	   61.7 	   57.9 
1402.0 	   66.8 	   58.8 
1402.5 	   57.1 	   66.9 
1403.0 	   67.6 	   62.7 
1403.5 	   67.3 	   62.2 
1404.0 	   59.1 	   66.9 
1404.5 	   59.0 	   55.8 
1405.0 	   58.7 	   60.7 
1405.5 	   61.5 	   50.5 
1406.0 	   57.6 	   64.6 
1406.5 	   68.7 	   65.3 
1407.0 	   58.6 	   70.4 
1407.5 	   55.4 	   65.1 
1408.0 	   60.4 	   54.0 
1408.5 	   47.0 	   67.9 
1409.0 	   66.1 	   62.9 
1409.5 	   63.4 	   63.3 
1410.0 	   64.2 	   66.6 
1410.5 	   63.8 	   67.6 
1411.0 	   66.0 	   49.5 
1411.5 	   63.9 	   61.9 
1412.0 	   55.6 	   71.4 
1412.5 	   63.3 	   68.8 
1413.0 	   54.3 	   60.5 
1413.5 	   63.0 	   43.2 
1414.0 	   62.2 	   68.8 
1414.5 	   62.2 	   66.1 
1415.0 	   72.6 	   62.1 
1415.5 	   66.1 	   66.2 
1416.0 	   63.5 	   64.2 
1416.5 	   63.6 	   68.7 
1417.0 	   54.6 	   56.1 
1417.5 	   49.4 	   67.8 
1418.0 	   56.4 	   68.8 
1418.5 	   61.7 	   67.5 
1419.0 	   64.3 	   60.9 
1419.5 	   57.8 	   54.4 
1420.0 	   46.0 	   70.2 
1420.5 	   60.3 	   59.2 
1421.0 	   72.9 	   70.6 
1421.5 	   65.0 	   68.4 
1422.0 	   63.2 	   62.9 
1422.5 	   64.0 	   68.3 
1423.0 	   53.9 	   65.1 
1423.5 	   56.5 	   72.3 
1424.0 	   57.2 	   69.7 
1424.5 	   60.3 	   68.7 
1425.0 	   59.1 	   46.1 
1425.5 	   66.8 	   67.5 
1426.0 	   57.6 	   69.4 
1426.5 	   57.1 	   59.9 
1427.0 	   72.5 	   66.4 
1427.5 	   68.3 	   68.8 
1428.0 	   61.4 	   52.9 
1428.5 	   61.8 	   56.1 
1429.0 	   57.3 	   64.1 
1429.5 	   57.8 	   61.7 
1430.0 	   46.9 	   68.4 
1430.5 	   65.1 	   63.5 
1431.0 	   49.2 	   55.9 
1431.5 	   63.5 	   65.1 
1432.0 	   60.3 	   60.3 
1432.5 	   56.7 	   67.2 
1433.0 	   68.5 	   59.2 
1433.5 	   65.3 	   62.5 
1434.0 	   61.6 	   60.6 
1434.5 	   54.8 	   62.4 
1435.0 	   57.0 	   50.7 
1435.5 	   58.3 	   59.0 
1436.0 	   58.6 	   58.3 
1436.5 	   60.5 	   64.1 
1437.0 	   60.3 	   64.3 
1437.5 	   62.1 	   57.0 
1438.0 	   63.7 	   60.2 
1438.5 	   59.8 	   68.7 
1439.0 	   66.0 	   63.8 
1439.5 	   55.0 	   55.0 
1440.0 	   62.6 	   61.5 
1440.5 	   61.5 	   68.8 
1441.0 	   60.1 	   60.4 
1441.5 	   58.0 	   56.8 
1442.0 	   64.6 	   61.5 
1442.5 	   65.9 	   52.9 
1443.0 	   58.4 	   48.1 
1443.5 	   44.5 	   55.6 
1444.0 	   55.5 	   58.3 
1444.5 	   65.0 	   65.5 
1445.0 	   62.1 	   58.3 
1445.5 	   59.1 	   64.9 
1446.0 	   62.0 	   64.2 
1446.5 	   66.9 	   69.4 
1447.0 	   65.9 	   52.9 
1447.5 	   70.0 	   65.7 
1448.0 	   48.5 	   67.8 
1448.5 	   44.4 	   57.5 
1449.0 	   60.5 	   64.6 
1449.5 	   52.5 	   65.5 
1450.0 	   45.5 	   60.4 
1450.5 	   64.6 	   62.8 
1451.0 	   56.6 	   64.0 
1451.5 	   57.7 	   64.1 
1452.0 	   56.8 	   59.2 
1452.5 	   65.2 	   71.0 
1453.0 	   63.7 	   63.9 
1453.5 	   65.7 	   64.7 
1454.0 	   65.1 	   67.3 
1454.5 	   63.2 	   62.8 
1455.0 	   50.6 	   65.9 
1455.5 	   60.2 	   62.6 
1456.0 	   60.3 	   56.8 
1456.5 	   61.1 	   65.5 
1457.0 	   65.6 	   69.7 
1457.5 	   57.3 	   64.2 
1458.0 	   58.1 	   67.3 
1458.5 	   69.5 	   70.3 
1459.0 	   55.1 	   65.4 
1459.5 	   68.2 	   55.7 
1460.0 	   53.1 	   67.3 
1460.5 	   65.8 	   63.7 
1461.0 	   48.5 	   67.3 
1461.5 	   61.2 	   61.7 
1462.0 	   67.0 	   62.4 
1462.5 	   61.5 	   68.1 
1463.0 	   69.0 	   54.8 
1463.5 	   56.7 	   61.0 
1464.0 	   52.3 	   63.8 
1464.5 	   67.2 	   62.1 
1465.0 	   52.4 	   57.8 
1465.5 	   70.3 	   54.6 
1466.0 	   61.2 	   63.1 
1466.5 	   63.6 	   59.4 
1467.0 	   65.4 	   62.4 
1467.5 	   68.0 	   62.5 
1468.0 	   56.0 	   64.4 
1468.5 	   51.7 	   65.6 
1469.0 	   66.1 	   60.7 
1469.5 	   67.9 	   58.9 
1470.0 	   65.8 	   64.4 
1470.5 	   63.2 	   70.3 
1471.0 	   67.5 	   66.5 
1471.5 	   54.9 	   61.5 
1472.0 	   64.9 	   71.8 
1472.5 	   58.8 	   63.1 
1473.0 	   63.0 	   65.3 
1473.5 	   59.6 	   62.9 
1474.0 	   62.8 	   70.2 
1474.5 	   66.9 	   68.7 
1475.0 	   68.7 	   66.6 
1475.5 	   67.6 	   65.3 
1476.0 	   61.9 	   70.1 
1476.5 	   61.1 	   62.6 
1477.0 	   53.0 	   67.0 
1477.5 	   63.0 	   63.8 
1478.0 	   53.8 	   65.8 
1478.5 	   65.4 	   66.7 
1479.0 	   67.8 	   64.2 
1479.5 	   63.7 	   60.6 
1480.0 	   57.7 	   69.6 
1480.5 	   59.6 	   69.5 
1481.0 	   64.7 	   58.3 
1481.5 	   62.5 	   53.9 
1482.0 	   60.5 	   51.8 
1482.5 	   59.0 	   71.6 
1483.0 	   58.0 	   64.7 
1483.5 	   62.2 	   66.5 
1484.0 	   67.6 	   58.3 
1484.5 	   54.0 	   64.7 
1485.0 	   71.7 	   63.7 
1485.5 	   54.7 	   62.7 
1486.0 	   64.7 	   63.2 
1486.5 	   65.4 	   65.2 
1487.0 	   65.9 	   58.9 
1487.5 	   55.5 	   63.4 
1488.0 	   54.2 	   65.2 
1488.5 	   57.2 	   68.6 
1489.0 	   63.0 	   61.4 
1489.5 	   50.5 	   60.0 
1490.0 	   59.4 	   65.0 
1490.5 	   65.6 	   69.1 
1491.0 	   68.2 	   71.7 
1491.5 	   56.2 	   64.3 
1492.0 	   67.0 	   71.5 
1492.5 	   67.8 	   59.0 
1493.0 	   62.0 	   67.3 
1493.5 	   53.7 	   58.6 
1494.0 	   66.5 	   68.5 
1494.5 	   62.9 	   52.4 
1495.0 	   68.6 	   70.1 
1495.5 	   65.9 	   34.1 
1496.0 	   67.1 	   59.9 
1496.5 	   69.4 	   67.0 
1497.0 	   63.5 	   68.1 
1497.5 	   57.8 	   69.3 
1498.0 	   68.8 	   64.0 
1498.5 	   59.8 	   54.5 
1499.0 	   64.8 	   63.0 
1499.5 	   65.5 	   52.0 
1500.0 	   67.1 	   70.6 
1500.5 	   56.7 	   61.4 
1501.0 	   59.8 	   54.3 
1501.5 	   66.9 	   63.2 
1502.0 	   69.0 	   71.7 
1502.5 	   61.1 	   61.8 
1503.0 	   66.0 	   70.5 
1503.5 	   57.5 	   56.2 
1504.0 	   60.5 	   69.3 
1504.5 	   62.6 	   63.2 
1505.0 	   46.5 	   70.3 
1505.5 	   63.7 	   62.1 
1506.0 	   64.7 	   59.1 
1506.5 	   65.0 	   61.5 
1507.0 	   67.1 	   65.4 
1507.5 	   62.8 	   69.6 
1508.0 	   62.9 	   59.3 
1508.5 	   53.2 	   64.3 
1509.0 	   55.7 	   55.9 
1509.5 	   68.1 	   67.4 
1510.0 	   62.7 	   64.5 
1510.5 	   63.9 	   61.0 
1511.0 	   60.5 	   63.6 
1511.5 	   65.5 	   70.1 
1512.0 	   64.1 	   58.2 
1512.5 	   60.7 	   66.7 
1513.0 	   67.4 	   58.2 
1513.5 	   60.7 	   63.3 
1514.0 	   65.0 	   66.5 
1514.5 	   61.1 	   66.3 
1515.0 	   63.5 	   43.8 
1515.5 	   55.5 	   60.3 
1516.0 	   56.1 	   63.4 
1516.5 	   65.3 	   62.1 
1517.0 	   68.6 	   60.6 
1517.5 	   50.7 	   55.3 
1518.0 	   65.6 	   40.8 
1518.5 	   60.6 	   63.4 
1519.0 	   67.1 	   60.3 
1519.5 	   61.9 	   64.8 
1520.0 	   62.1 	   58.5 
1520.5 	   58.2 	   53.9 
1521.0 	   66.4 	   55.0 
1521.5 	   58.5 	   60.4 
1522.0 	   65.0 	   68.3 
1522.5 	   60.4 	   62.9 
1523.0 	   68.4 	   58.6 
1523.5 	   60.9 	   58.1 
1524.0 	   61.1 	   69.0 
1524.5 	   57.3 	   66.1 
1525.0 	   64.9 	   59.8 
1525.5 	   58.4 	   63.3 
1526.0 	   66.9 	   69.3 
1526.5 	   62.6 	   60.1 
1527.0 	   65.8 	   63.6 
1527.5 	   49.6 	   59.4 
1528.0 	   66.3 	   64.4 
1528.5 	   56.6 	   63.9 
1529.0 	   62.9 	   52.5 
1529.5 	   52.8 	   58.5 
1530.0 	   57.0 	   63.6 
1530.5 	   63.5 	   58.8 
1531.0 	   61.6 	   57.7 
1531.5 	   58.1 	   68.0 
1532.0 	   47.1 	   55.4 
1532.5 	   56.2 	   62.5 
1533.0 	   64.1 	   66.7 
1533.5 	   56.4 	   65.3 
1534.0 	   47.7 	   57.1 
1534.5 	   66.5 	   70.9 
1535.0 	   64.0 	   59.8 
1535.5 	   65.4 	   66.7 
1536.0 	   57.1 	   53.0 
1536.5 	   64.2 	   62.9 
1537.0 	   62.2 	   67.7 
1537.5 	   66.6 	   61.8 
1538.0 	   57.6 	   62.7 
1538.5 	   69.2 	   69.6 
1539.0 	   69.5 	   59.8 
1539.5 	   66.8 	   56.7 
1540.0 	   48.9 	   59.8 
1540.5 	   65.7 	   62.8 
1541.0 	   59.5 	   65.9 
1541.5 	   59.7 	   60.0 
1542.0 	   60.5 	   63.3 
1542.5 	   66.1 	   68.8 
1543.0 	   68.8 	   64.9 
1543.5 	   58.4 	   60.2 
1544.0 	   64.2 	   63.4 
1544.5 	   68.5 	   62.1 
1545.0 	   50.0 	   62.3 
1545.5 	   54.4 	   68.6 
1546.0 	   60.7 	   63.9 
1546.5 	   56.0 	   69.6 
1547.0 	   66.4 	   65.5 
1547.5 	   61.5 	   67.4 
1548.0 	   47.8 	   65.0 
1548.5 	   60.6 	   62.1 
1549.0 	   59.6 	   61.3 
1549.5 	   54.0 	   66.0 
1550.0 	   59.9 	   58.8 
1550.5 	   65.1 	   66.8 
1551.0 	   62.1 	   50.1 
1551.5 	   63.6 	   67.3 
1552.0 	   59.8 	   60.7 
1552.5 	   51.6 	   64.6 
1553.0 	   61.1 	   60.1 
1553.5 	   59.8 	   62.0 
1554.0 	   49.4 	   61.8 
1554.5 	   61.5 	   48.3 
1555.0 	   62.8 	   65.4 
1555.5 	   60.2 	   52.8 
1556.0 	   46.4 	   63.3 
1556.5 	   55.6 	   57.0 
1557.0 	   62.8 	   58.6 
1557.5 	   58.0 	   65.4 
1558.0 	   61.1 	   63.3 
1558.5 	   59.0 	   56.1 
1559.0 	   58.7 	   64.9 
1559.5 	   64.9 	   54.2 
1560.0 	   64.2 	   57.9 
1560.5 	   45.2 	   58.9 
1561.0 	   58.2 	   64.5 
1561.5 	   57.9 	   66.4 
1562.0 	   60.5 	   59.7 
1562.5 	   58.3 	   66.1 
1563.0 	   62.4 	   64.5 
1563.5 	   61.5 	   45.6 
1564.0 	   59.3 	   64.3 
1564.5 	   55.3 	   57.9 
1565.0 	   60.0 	   62.9 
1565.5 	   57.6 	   50.8 
1566.0 	   58.8 	   67.6 
1566.5 	   61.3 	   59.9 
1567.0 	   58.7 	   65.1 
1567.5 	   55.6 	   61.3 
1568.0 	   56.2 	   53.2 
1568.5 	   59.5 	   61.4 
1569.0 	   56.0 	   55.6 
1569.5 	   49.4 	   63.0 
1570.0 	   56.5 	   52.9 
1570.5 	   59.6 	   51.9 
1571.0 	   66.2 	   67.4 
1571.5 	   63.0 	   60.3 
1572.0 	   56.8 	   56.4 
1572.5 	   56.5 	   58.7 
1573.0 	   62.3 	   53.2 
1573.5 	   56.2 	   64.5 
1574.0 	   46.2 	   62.5 
1574.5 	   58.9 	   64.7 
1575.0 	   60.7 	   63.1 
1575.5 	   56.6 	   51.4 
1576.0 	   59.9 	   62.6 
1576.5 	   49.7 	   58.3 
1577.0 	   61.1 	   60.7 
1577.5 	   54.9 	   59.4 
1578.0 	   57.0 	   63.6 
1578.5 	   58.0 	   68.0 
1579.0 	   63.2 	   60.9 
1579.5 	   48.8 	   59.5 
1580.0 	   58.1 	   60.5 
1580.5 	   61.1 	   65.2 
1581.0 	   57.2 	   48.7 
1581.5 	   56.1 	   46.7 
1582.0 	   46.0 	   57.7 
1582.5 	   62.4 	   56.9 
1583.0 	   66.5 	   64.7 
1583.5 	   59.4 	   63.8 
1584.0 	   55.2 	   57.2 
1584.5 	   54.8 	   69.0 
1585.0 	   56.7 	   53.3 
1585.5 	   55.2 	   65.8 
1586.0 	   56.4 	   65.8 
1586.5 	   61.8 	   62.2 
1587.0 	   59.9 	   65.6 
1587.5 	   50.0 	   63.2 
1588.0 	   55.7 	   52.1 
1588.5 	   60.8 	   66.4 
1589.0 	   60.3 	   59.8 
1589.5 	   56.0 	   54.8 
1590.0 	   54.5 	   57.5 
1590.5 	   54.2 	   57.5 
1591.0 	   63.0 	   60.0 
1591.5 	   58.1 	   67.0 
1592.0 	   56.9 	   62.7 
1592.5 	   59.5 	   67.5 
1593.0 	   62.0 	   65.0 
1593.5 	   56.6 	   60.6 
1594.0 	   54.8 	   55.6 
1594.5 	   59.4 	   53.9 
1595.0 	   53.9 	   57.0 
1595.5 	   60.2 	   50.7 
1596.0 	   49.6 	   66.9 
1596.5 	   54.6 	   58.3 
1597.0 	   52.0 	   67.5 
1597.5 	   56.1 	   56.5 
1598.0 	   59.2 	   57.6 
1598.5 	   57.3 	   52.3 
1599.0 	   59.0 	   44.0 
1599.5 	   58.4 	   59.0 
1600.0 	   56.0 	   64.8 
1600.5 	   55.4 	   56.7 
1601.0 	   61.3 	   64.5 
1601.5 	   50.3 	   60.3 
1602.0 	   51.0 	   58.7 
1602.5 	   50.5 	   62.1 
1603.0 	   62.4 	   56.6 
1603.5 	   59.5 	   65.7 
1604.0 	   50.4 	   60.6 
1604.5 	   62.7 	   57.3 
1605.0 	   56.8 	   54.1 
1605.5 	   52.1 	   58.4 
1606.0 	   48.2 	   65.1 
1606.5 	   54.6 	   59.1 
1607.0 	   55.7 	   63.6 
1607.5 	   55.7 	   68.6 
1608.0 	   57.3 	   49.4 
1608.5 	   59.4 	   66.6 
1609.0 	   59.0 	   48.8 
1609.5 	   47.9 	   64.4 
1610.0 	   43.5 	   67.7 
1610.5 	   53.2 	   62.3 
1611.0 	   62.1 	   65.5 
1611.5 	   62.2 	   64.7 
1612.0 	   59.2 	   58.4 
1612.5 	   58.8 	   56.0 
1613.0 	   60.5 	   55.3 
1613.5 	   58.6 	   58.4 
1614.0 	   30.4 	   64.4 
1614.5 	   51.5 	   67.4 
1615.0 	   60.2 	   63.6 
1615.5 	   42.2 	   66.4 
1616.0 	   42.0 	   55.2 
1616.5 	   61.5 	   59.5 
1617.0 	   60.3 	   58.1 
1617.5 	   40.3 	   55.8 
1618.0 	   58.3 	   64.2 
1618.5 	   51.2 	   60.5 
1619.0 	   61.4 	   51.6 
1619.5 	   45.2 	   67.8 
1620.0 	   54.5 	   62.2 
1620.5 	   62.0 	   63.1 
1621.0 	   55.3 	   61.1 
1621.5 	   62.1 	   59.4 
1622.0 	   50.2 	   61.9 
1622.5 	   57.8 	   58.2 
1623.0 	   63.4 	   57.5 
1623.5 	   60.6 	   63.4 
1624.0 	   53.3 	   62.7 
1624.5 	   58.5 	   59.9 
1625.0 	   61.7 	   52.0 
1625.5 	   58.9 	   62.5 
1626.0 	   58.0 	   62.8 
1626.5 	   61.7 	   45.5 
1627.0 	   60.9 	   48.2 
1627.5 	   53.4 	   58.3 
1628.0 	   56.5 	   50.4 
1628.5 	   59.6 	   59.6 
1629.0 	   60.5 	   57.9 
1629.5 	   49.0 	   58.8 
1630.0 	   50.8 	   53.7 
1630.5 	   59.1 	   62.3 
1631.0 	   56.7 	   56.4 
1631.5 	   48.3 	   62.6 
1632.0 	   50.3 	   58.2 
1632.5 	   51.6 	   54.6 
1633.0 	   59.6 	   64.3 
1633.5 	   54.5 	   52.2 
1634.0 	   54.5 	   59.1 
1634.5 	   58.5 	   60.6 
1635.0 	   60.8 	   56.8 
1635.5 	   58.1 	   63.4 
1636.0 	   50.8 	   52.2 
1636.5 	   58.3 	   38.7 
1637.0 	   62.6 	   63.4 
1637.5 	   41.0 	   63.1 
1638.0 	   61.5 	   58.6 
1638.5 	   62.4 	   55.8 
1639.0 	   63.6 	   53.9 
1639.5 	   54.5 	   62.1 
1640.0 	   55.3 	   57.8 
1640.5 	   49.5 	   59.1 
1641.0 	   58.3 	   67.6 
1641.5 	   58.4 	   62.2 
1642.0 	   55.3 	   58.3 
1642.5 	   59.2 	   58.9 
1643.0 	   60.5 	   59.5 
1643.5 	   56.0 	   60.6 
1644.0 	   44.2 	   56.3 
1644.5 	   60.2 	   51.9 
1645.0 	   61.2 	   67.6 
1645.5 	   58.4 	   65.0 
1646.0 	   54.4 	   51.2 
1646.5 	   56.5 	   57.9 
1647.0 	   54.5 	   62.6 
1647.5 	   56.2 	   60.7 
1648.0 	   58.0 	   52.0 
1648.5 	   49.8 	   55.4 
1649.0 	   53.8 	   64.1 
1649.5 	   56.7 	   49.2 
1650.0 	   46.6 	   33.3 
1650.5 	   51.0 	   61.7 
1651.0 	   59.5 	   62.6 
1651.5 	   50.4 	   59.3 
1652.0 	   51.4 	   61.8 
1652.5 	   62.5 	   61.4 
1653.0 	   57.7 	   62.9 
1653.5 	   59.3 	   58.5 
1654.0 	   42.9 	   60.1 
1654.5 	   45.6 	   63.9 
1655.0 	   60.8 	   49.9 
1655.5 	   47.8 	   66.8 
1656.0 	   54.9 	   59.2 
1656.5 	   58.6 	   63.8 
1657.0 	   51.8 	   66.1 
1657.5 	   42.7 	   53.6 
1658.0 	   54.8 	   58.7 
1658.5 	   58.3 	   60.4 
1659.0 	   51.2 	   58.3 
1659.5 	   51.3 	   56.8 
1660.0 	   59.7 	   57.8 
1660.5 	   57.5 	   59.6 
1661.0 	   60.6 	   61.8 
1661.5 	   54.3 	   61.3 
1662.0 	   47.8 	   58.6 
1662.5 	   51.0 	   62.7 
1663.0 	   61.7 	   62.8 
1663.5 	   51.3 	   62.6 
1664.0 	   45.3 	   60.9 
1664.5 	   54.2 	   57.1 
1665.0 	   58.5 	   58.3 
1665.5 	   50.3 	   61.5 
1666.0 	   51.7 	   54.1 
1666.5 	   56.8 	   61.8 
1667.0 	   62.4 	   44.2 
1667.5 	   49.8 	   60.9 
1668.0 	   51.9 	   52.6 
1668.5 	   63.3 	   53.4 
1669.0 	   55.1 	   59.3 
1669.5 	   47.9 	   61.4 
1670.0 	   52.6 	   60.5 
1670.5 	   59.8 	   57.7 
1671.0 	   63.7 	   59.7 
1671.5 	   51.1 	   61.9 
1672.0 	   51.4 	   60.7 
1672.5 	   58.4 	   51.7 
1673.0 	   55.5 	   61.8 
1673.5 	   57.8 	   63.3 
1674.0 	   54.1 	   64.7 
1674.5 	   59.3 	   64.1 
1675.0 	   59.8 	   61.1 
1675.5 	   55.7 	   64.0 
1676.0 	   54.4 	   47.2 
1676.5 	   63.0 	   64.2 
1677.0 	   56.7 	   60.5 
1677.5 	   50.9 	   50.1 
1678.0 	   58.8 	   61.6 
1678.5 	   60.6 	   55.4 
1679.0 	   59.7 	   54.2 
1679.5 	   47.9 	   56.8 
1680.0 	   55.9 	   61.3 
1680.5 	   56.8 	   50.5 
1681.0 	   46.7 	   56.3 
1681.5 	   49.1 	   57.5 
1682.0 	   59.2 	   48.1 
1682.5 	   58.0 	   42.2 
1683.0 	   55.4 	   56.1 
1683.5 	   60.3 	   59.1 
1684.0 	   62.8 	   59.8 
1684.5 	   49.6 	   59.4 
1685.0 	   58.2 	   58.2 
1685.5 	   55.9 	   60.9 
1686.0 	   40.9 	   57.0 
1686.5 	   57.6 	   57.6 
1687.0 	   60.7 	   53.5 
1687.5 	   54.9 	   60.3 
1688.0 	   53.2 	   61.9 
1688.5 	   33.8 	   62.5 
1689.0 	   58.4 	   54.8 
1689.5 	   54.4 	   61.5 
1690.0 	   59.3 	   65.3 
1690.5 	   51.9 	   59.4 
1691.0 	   54.6 	   60.8 
1691.5 	   52.9 	   56.8 
1692.0 	   52.2 	   62.3 
1692.5 	   54.3 	   47.1 
1693.0 	   60.0 	   56.1 
1693.5 	   56.9 	   49.4 
1694.0 	   58.2 	   63.6 
1694.5 	   45.6 	   52.4 
1695.0 	   61.1 	   60.6 
1695.5 	   49.1 	   51.8 
1696.0 	   55.9 	   66.3 
1696.5 	   57.6 	   60.5 
1697.0 	   59.4 	   58.9 
1697.5 	   55.3 	   58.2 
1698.0 	   52.4 	   59.9 
1698.5 	   46.9 	   52.1 
1699.0 	   53.2 	   62.7 
1699.5 	   54.9 	   49.2 
1700.0 	   57.7 	   65.4 
1700.5 	   57.6 	   50.6 
1701.0 	   58.7 	   64.1 
1701.5 	   56.2 	   46.2 
1702.0 	   60.8 	   56.7 
1702.5 	   53.0 	   50.7 
1703.0 	   60.5 	   61.9 
1703.5 	   53.4 	   52.4 
1704.0 	   54.8 	   56.4 
1704.5 	   61.2 	   60.8 
1705.0 	   57.2 	   64.5 
1705.5 	   45.1 	   59.0 
1706.0 	   53.0 	   62.5 
1706.5 	   59.6 	   55.6 
1707.0 	   60.5 	   60.9 
1707.5 	   56.9 	   58.9 
1708.0 	   55.3 	   63.4 
1708.5 	   55.1 	   58.2 
1709.0 	   61.2 	   58.1 
1709.5 	   50.0 	   54.5 
1710.0 	   55.2 	   62.9 
1710.5 	   46.0 	   46.9 
1711.0 	   57.9 	   50.6 
1711.5 	   58.2 	   62.5 
1712.0 	   52.8 	   65.0 
1712.5 	   57.5 	   59.4 
1713.0 	   60.4 	   54.6 
1713.5 	   59.5 	   52.6 
1714.0 	   47.6 	   62.1 
1714.5 	   52.3 	   55.3 
1715.0 	   50.1 	   61.7 
1715.5 	   57.2 	   60.9 
1716.0 	   58.5 	   58.8 
1716.5 	   45.2 	   58.2 
1717.0 	   57.8 	   62.6 
1717.5 	   60.3 	   56.6 
1718.0 	   54.7 	   61.1 
1718.5 	   59.0 	   60.5 
1719.0 	   48.2 	   52.9 
1719.5 	   38.3 	   45.6 
1720.0 	   54.3 	   57.8 
1720.5 	   43.6 	   57.1 
1721.0 	   58.4 	   56.5 
1721.5 	   52.1 	   47.6 
1722.0 	   51.3 	   64.7 
1722.5 	   58.2 	   60.0 
1723.0 	   52.8 	   54.9 
1723.5 	   54.2 	   59.5 
1724.0 	   57.3 	   59.1 
1724.5 	   62.6 	   63.7 
1725.0 	   60.5 	   44.1 
1725.5 	   61.0 	   57.5 
1726.0 	   59.9 	   58.7 
1726.5 	   53.9 	   59.0 
1727.0 	   43.6 	   56.5 
1727.5 	   60.2 	   49.6 
1728.0 	   60.0 	   59.7 
1728.5 	   63.7 	   64.5 
1729.0 	   52.0 	   58.1 
1729.5 	   46.7 	   51.7 
1730.0 	   42.7 	   52.1 
1730.5 	   62.7 	   60.9 
1731.0 	   60.3 	   59.5 
1731.5 	   53.0 	   50.9 
1732.0 	   54.2 	   59.4 
1732.5 	   43.4 	   63.9 
1733.0 	   48.6 	   60.4 
1733.5 	   52.2 	   46.7 
1734.0 	   51.5 	   50.7 
1734.5 	   58.0 	   61.1 
1735.0 	   43.8 	   57.2 
1735.5 	   55.7 	   62.3 
1736.0 	   61.8 	   62.4 
1736.5 	   53.4 	   52.2 
1737.0 	   52.5 	   54.2 
1737.5 	   54.5 	   54.5 
1738.0 	   56.2 	   61.4 
1738.5 	   49.6 	   47.5 
1739.0 	   45.2 	   60.9 
1739.5 	   55.9 	   64.8 
1740.0 	   60.6 	   54.2 
1740.5 	   50.9 	   54.7 
1741.0 	   62.1 	   62.2 
1741.5 	   56.2 	   59.3 
1742.0 	   56.2 	   61.9 
1742.5 	   53.7 	   59.9 
1743.0 	   58.3 	   61.6 
1743.5 	   50.3 	   59.0 
1744.0 	   51.8 	   53.6 
1744.5 	   56.7 	   56.8 
1745.0 	   56.9 	   63.2 
1745.5 	   57.9 	   60.9 
1746.0 	   58.2 	   50.1 
1746.5 	   57.6 	   48.1 
1747.0 	   55.4 	   63.4 
1747.5 	   60.2 	   67.8 
1748.0 	   59.9 	   59.7 
1748.5 	   60.1 	   60.3 
1749.0 	   50.1 	   61.4 
1749.5 	   56.0 	   62.6 
1750.0 	   51.8 	   54.4 
1750.5 	   52.1 	   55.3 
1751.0 	   64.2 	   62.2 
1751.5 	   55.9 	   58.9 
1752.0 	   54.5 	   48.0 
1752.5 	   56.6 	   59.0 
1753.0 	   52.3 	   57.4 
1753.5 	   57.8 	   65.1 
1754.0 	   59.0 	   60.8 
1754.5 	   56.6 	   62.1 
1755.0 	   53.8 	   54.5 
1755.5 	   50.6 	   63.2 
1756.0 	   57.7 	   46.8 
1756.5 	   52.5 	   62.7 
1757.0 	   57.8 	   59.0 
1757.5 	   53.3 	   63.1 
1758.0 	   60.1 	   57.3 
1758.5 	   54.8 	   59.5 
1759.0 	   51.9 	   63.3 
1759.5 	   42.6 	   57.6 
1760.0 	   58.9 	   53.9 
1760.5 	   54.0 	   59.8 
1761.0 	   55.0 	   61.4 
1761.5 	   44.2 	   64.7 
1762.0 	   62.1 	   53.7 
1762.5 	   56.3 	   65.0 
1763.0 	   54.8 	   63.4 
1763.5 	   33.9 	   59.7 
1764.0 	   51.1 	   56.6 
1764.5 	   58.1 	   64.6 
1765.0 	   44.7 	   61.3 
1765.5 	   61.9 	   66.3 
1766.0 	   58.4 	   44.5 
1766.5 	   55.2 	   62.9 
1767.0 	   57.1 	   60.5 
1767.5 	   52.7 	   66.7 
1768.0 	   56.2 	   56.6 
1768.5 	   48.2 	   55.9 
1769.0 	   62.4 	   65.5 
1769.5 	   50.1 	   62.6 
1770.0 	   56.3 	   56.3 
1770.5 	   49.1 	   50.6 
1771.0 	   51.3 	   63.2 
1771.5 	   52.0 	   59.8 
1772.0 	   51.7 	   56.1 
1772.5 	   58.2 	   58.4 
1773.0 	   60.5 	   58.7 
1773.5 	   56.9 	   65.6 
1774.0 	   52.5 	   59.6 
1774.5 	   54.2 	   60.3 
1775.0 	   53.1 	   65.3 
1775.5 	   50.9 	   58.9 
1776.0 	   61.4 	   55.2 
1776.5 	   54.3 	   63.3 
1777.0 	   54.0 	   59.9 
1777.5 	   59.9 	   61.3 
1778.0 	   60.5 	   54.4 
1778.5 	   54.9 	   52.8 
1779.0 	   51.1 	   58.0 
1779.5 	   39.8 	   65.4 
1780.0 	   56.8 	   52.1 
1780.5 	   60.7 	   65.6 
1781.0 	   56.5 	   62.5 
1781.5 	   51.7 	   63.9 
1782.0 	   60.7 	   58.4 
1782.5 	   57.3 	   58.7 
1783.0 	   59.3 	   61.7 
1783.5 	   56.9 	   65.1 
1784.0 	   62.7 	   60.0 
1784.5 	   44.5 	   60.7 
1785.0 	   47.2 	   65.2 
1785.5 	   57.3 	   63.8 
1786.0 	   53.7 	   59.6 
1786.5 	   51.6 	   59.7 
1787.0 	   57.1 	   55.0 
1787.5 	   59.1 	   64.2 
1788.0 	   60.6 	   59.4 
1788.5 	   50.4 	   63.2 
1789.0 	   56.4 	   50.0 
1789.5 	   50.8 	   62.5 
1790.0 	   56.3 	   63.4 
1790.5 	   51.4 	   62.1 
1791.0 	   60.0 	   54.2 
1791.5 	   52.5 	   64.7 
1792.0 	   48.8 	   52.7 
1792.5 	   57.5 	   62.8 
1793.0 	   56.0 	   58.7 
1793.5 	   49.5 	   64.4 
1794.0 	   57.2 	   52.6 
1794.5 	   56.1 	   59.5 
1795.0 	   53.8 	   50.9 
1795.5 	   53.2 	   62.8 
1796.0 	   53.9 	   57.2 
1796.5 	   51.0 	   64.1 
1797.0 	   46.6 	   61.9 
1797.5 	   58.9 	   62.2 
1798.0 	   55.6 	   49.5 
1798.5 	   58.2 	   65.4 
1799.0 	   56.9 	   53.3 
1799.5 	   42.4 	   64.2 
1800.0 	   54.9 	   53.0 
