   0.0 	  194.1 	  194.1 
   0.5 	  112.5 	  119.4 
   1.0 	  120.3 	  113.6 
   1.5 	  106.5 	  108.9 
   2.0 	  157.9 	  144.9 
   2.5 	  117.5 	  110.2 
   3.0 	  120.6 	  101.8 
   3.5 	  119.2 	   94.6 
   4.0 	  150.8 	  123.7 
   4.5 	  108.7 	   90.2 
   5.0 	  108.3 	   69.4 
   5.5 	  110.9 	   88.0 
   6.0 	  144.9 	  117.2 
   6.5 	  111.4 	   94.9 
   7.0 	  123.0 	   95.9 
   7.5 	  112.8 	  100.0 
   8.0 	  133.6 	  118.5 
   8.5 	  113.9 	   92.7 
   9.0 	  113.3 	   85.6 
   9.5 	  105.7 	   74.8 
  10.0 	  125.6 	   86.7 
  10.5 	   96.6 	   75.6 
  11.0 	  111.3 	   85.3 
  11.5 	  107.5 	   82.0 
  12.0 	  129.5 	   94.6 
  12.5 	   95.1 	   75.6 
  13.0 	  102.2 	   77.5 
  13.5 	  107.0 	   75.6 
  14.0 	  120.4 	   87.2 
  14.5 	   90.5 	   76.2 
  15.0 	  101.0 	   68.4 
  15.5 	   99.9 	   76.9 
  16.0 	  119.1 	   84.6 
  16.5 	   92.1 	   71.6 
  17.0 	  100.6 	   69.1 
  17.5 	   91.5 	   55.7 
  18.0 	  116.3 	   79.1 
  18.5 	   93.9 	   73.1 
  19.0 	  101.9 	   69.1 
  19.5 	   91.7 	   62.5 
  20.0 	  111.6 	   53.3 
  20.5 	   75.6 	   65.7 
  21.0 	   97.2 	   75.4 
  21.5 	   83.5 	   73.6 
  22.0 	  106.8 	   78.6 
  22.5 	   88.8 	   74.7 
  23.0 	   96.1 	   77.2 
  23.5 	   89.2 	   71.3 
  24.0 	  103.4 	   74.9 
  24.5 	   84.7 	   61.7 
  25.0 	   97.3 	   72.4 
  25.5 	   87.8 	   63.8 
  26.0 	  102.8 	   78.3 
  26.5 	   65.6 	   69.2 
  27.0 	   90.8 	   80.4 
  27.5 	   87.9 	   73.7 
  28.0 	   96.8 	   68.5 
  28.5 	   78.3 	   73.1 
  29.0 	   93.0 	   64.0 
  29.5 	   77.3 	   64.9 
  30.0 	   91.6 	   70.0 
  30.5 	   91.5 	   68.1 
  31.0 	   91.0 	   77.0 
  31.5 	   88.7 	   71.3 
  32.0 	   87.0 	   74.1 
  32.5 	   82.6 	   70.3 
  33.0 	   89.5 	   77.3 
  33.5 	   69.2 	   68.9 
  34.0 	   84.3 	   65.1 
  34.5 	   81.0 	   68.9 
  35.0 	   88.9 	   81.0 
  35.5 	   91.7 	   78.9 
  36.0 	   89.3 	   70.7 
  36.5 	   88.2 	   78.1 
  37.0 	   86.9 	   80.0 
  37.5 	   88.5 	   84.5 
  38.0 	   97.6 	   75.2 
  38.5 	   85.5 	   79.4 
  39.0 	   86.5 	   79.7 
  39.5 	   86.0 	   82.3 
  40.0 	   98.8 	   80.4 
  40.5 	   89.5 	   69.4 
  41.0 	   91.1 	   76.9 
  41.5 	   87.1 	   81.7 
  42.0 	   95.9 	   75.2 
  42.5 	   92.1 	   76.4 
  43.0 	   88.7 	   71.6 
  43.5 	   89.1 	   67.9 
  44.0 	   89.5 	   72.8 
  44.5 	   96.2 	   73.7 
  45.0 	   91.8 	   77.9 
  45.5 	   85.2 	   69.6 
  46.0 	   90.9 	   79.0 
  46.5 	   91.5 	   69.5 
  47.0 	   80.2 	   67.1 
  47.5 	   86.5 	   73.1 
  48.0 	   91.4 	   65.5 
  48.5 	   93.2 	   70.9 
  49.0 	   78.4 	   60.3 
  49.5 	   89.0 	   70.5 
  50.0 	   75.6 	   68.4 
  50.5 	   83.4 	   71.3 
  51.0 	   83.4 	   60.4 
  51.5 	   81.4 	   67.5 
  52.0 	   66.5 	   66.4 
  52.5 	   75.9 	   62.8 
  53.0 	   80.0 	   59.4 
  53.5 	   82.8 	   64.8 
  54.0 	   84.5 	   62.9 
  54.5 	   80.7 	   58.8 
  55.0 	   81.4 	   61.6 
  55.5 	   79.4 	   64.7 
  56.0 	   86.0 	   66.6 
  56.5 	   74.2 	   66.1 
  57.0 	   81.7 	   58.1 
  57.5 	   78.2 	   63.2 
  58.0 	   82.1 	   60.3 
  58.5 	   71.6 	   65.1 
  59.0 	   83.3 	   60.2 
  59.5 	   75.4 	   63.1 
  60.0 	   80.9 	   56.6 
  60.5 	   72.3 	   56.0 
  61.0 	   79.4 	   63.6 
  61.5 	   74.1 	   67.5 
  62.0 	   77.0 	   65.2 
  62.5 	   77.3 	   68.8 
  63.0 	   79.3 	   68.6 
  63.5 	   75.0 	   64.6 
  64.0 	   78.6 	   56.6 
  64.5 	   70.2 	   55.9 
  65.0 	   77.1 	   56.9 
  65.5 	   71.0 	   59.5 
  66.0 	   75.7 	   60.8 
  66.5 	   71.4 	   54.6 
  67.0 	   77.0 	   54.7 
  67.5 	   75.1 	   52.1 
  68.0 	   69.7 	   51.2 
  68.5 	   72.0 	   55.6 
  69.0 	   62.9 	   53.1 
  69.5 	   71.8 	   54.1 
  70.0 	   63.9 	   63.2 
  70.5 	   66.9 	   58.1 
  71.0 	   64.0 	   65.2 
  71.5 	   67.5 	   52.1 
  72.0 	   65.5 	   57.0 
  72.5 	   60.6 	   53.0 
  73.0 	   65.2 	   50.2 
  73.5 	   62.9 	   61.2 
  74.0 	   64.5 	   50.1 
  74.5 	   39.5 	   57.4 
  75.0 	   54.7 	   49.7 
  75.5 	   63.7 	   55.9 
  76.0 	   60.7 	   53.4 
  76.5 	   60.1 	   42.2 
  77.0 	   64.5 	   60.1 
  77.5 	   63.3 	   62.1 
  78.0 	   62.5 	   61.7 
  78.5 	   57.6 	   44.9 
  79.0 	   60.3 	   56.6 
  79.5 	   55.1 	   56.4 
  80.0 	   61.5 	   52.6 
  80.5 	   54.7 	   53.8 
  81.0 	   61.0 	   65.0 
  81.5 	   52.6 	   59.2 
  82.0 	   63.6 	   49.2 
  82.5 	   62.4 	   52.2 
  83.0 	   60.0 	   56.5 
  83.5 	   59.7 	   42.0 
  84.0 	   56.7 	   49.1 
  84.5 	   63.2 	   48.6 
  85.0 	   61.6 	   49.1 
  85.5 	   63.8 	   54.7 
  86.0 	   56.4 	   51.8 
  86.5 	   61.9 	   58.3 
  87.0 	   61.1 	   51.8 
  87.5 	   62.7 	   21.9 
  88.0 	   64.1 	   52.9 
  88.5 	   57.0 	   34.5 
  89.0 	   61.1 	   51.0 
  89.5 	   62.1 	   52.4 
  90.0 	   64.7 	   50.0 
  90.5 	   64.1 	   53.3 
  91.0 	   38.9 	   50.3 
  91.5 	   54.7 	   54.1 
  92.0 	   58.2 	   48.9 
  92.5 	   62.9 	   54.0 
  93.0 	   61.6 	   56.1 
  93.5 	   56.8 	   53.6 
  94.0 	   57.7 	   48.7 
  94.5 	   61.5 	   41.6 
  95.0 	   65.9 	   56.0 
  95.5 	   59.9 	   54.6 
  96.0 	   52.1 	   48.4 
  96.5 	   59.4 	   59.5 
  97.0 	   56.1 	   54.5 
  97.5 	   63.9 	   46.6 
  98.0 	   63.1 	   54.1 
  98.5 	   62.5 	   54.9 
  99.0 	   52.8 	   58.1 
  99.5 	   55.6 	   49.1 
 100.0 	   56.7 	   54.7 
 100.5 	   61.1 	   57.5 
 101.0 	   60.4 	   46.6 
 101.5 	   53.4 	   56.9 
 102.0 	   48.5 	   54.1 
 102.5 	   60.1 	   50.4 
 103.0 	   57.1 	   33.4 
 103.5 	   57.8 	   54.4 
 104.0 	   47.6 	   55.4 
 104.5 	   46.9 	   47.8 
 105.0 	   60.8 	   50.9 
 105.5 	   63.8 	   55.7 
 106.0 	   55.1 	   52.7 
 106.5 	   57.8 	   50.9 
 107.0 	   51.4 	   54.2 
 107.5 	   61.2 	   55.3 
 108.0 	   59.9 	   61.0 
 108.5 	   56.6 	   56.6 
 109.0 	   57.3 	   57.6 
 109.5 	   56.1 	   49.2 
 110.0 	   57.7 	   56.4 
 110.5 	   62.8 	   46.4 
 111.0 	   60.8 	   44.9 
 111.5 	   61.2 	   44.4 
 112.0 	   54.1 	   51.5 
 112.5 	   61.7 	   57.4 
 113.0 	   61.7 	   52.2 
 113.5 	   65.9 	   54.6 
 114.0 	   54.0 	   57.9 
 114.5 	   51.3 	   49.9 
 115.0 	   53.7 	   58.1 
 115.5 	   66.0 	   54.5 
 116.0 	   64.7 	   46.8 
 116.5 	   54.9 	   51.7 
 117.0 	   51.8 	   55.9 
 117.5 	   59.1 	   54.6 
 118.0 	   55.1 	   44.4 
 118.5 	   59.3 	   51.8 
 119.0 	   60.6 	   50.8 
 119.5 	   58.8 	   54.1 
 120.0 	   41.4 	   58.4 
 120.5 	   58.3 	   49.8 
 121.0 	   61.5 	   50.6 
 121.5 	   62.3 	   50.2 
 122.0 	   59.7 	   53.8 
 122.5 	   57.4 	   57.2 
 123.0 	   62.8 	   53.4 
 123.5 	   64.0 	   58.1 
 124.0 	   61.8 	   54.9 
 124.5 	   60.2 	   58.0 
 125.0 	   59.2 	   45.2 
 125.5 	   58.9 	   53.2 
 126.0 	   49.9 	   50.9 
 126.5 	   63.8 	   54.8 
 127.0 	   55.6 	   51.3 
 127.5 	   55.0 	   56.1 
 128.0 	   51.9 	   50.4 
 128.5 	   60.5 	   54.6 
 129.0 	   61.4 	   52.7 
 129.5 	   54.2 	   52.2 
 130.0 	   56.5 	   48.4 
 130.5 	   55.5 	   53.4 
 131.0 	   58.9 	   41.1 
 131.5 	   61.9 	   56.4 
 132.0 	   59.6 	   49.9 
 132.5 	   45.4 	   52.9 
 133.0 	   48.5 	   57.1 
 133.5 	   64.3 	   52.3 
 134.0 	   56.0 	   50.1 
 134.5 	   60.1 	   52.8 
 135.0 	   53.7 	   43.2 
 135.5 	   58.9 	   53.9 
 136.0 	   53.7 	   40.8 
 136.5 	   64.1 	   58.7 
 137.0 	   58.6 	   45.3 
 137.5 	   55.1 	   48.8 
 138.0 	   56.6 	   58.2 
 138.5 	   50.4 	   51.9 
 139.0 	   59.8 	   44.6 
 139.5 	   58.7 	   40.5 
 140.0 	   51.7 	   19.5 
 140.5 	   57.1 	   55.0 
 141.0 	   56.4 	   50.3 
 141.5 	   59.7 	   50.6 
 142.0 	   55.8 	   51.0 
 142.5 	   54.5 	   51.7 
 143.0 	   58.5 	   62.1 
 143.5 	   56.3 	   54.7 
 144.0 	   42.2 	   48.4 
 144.5 	   58.9 	   49.8 
 145.0 	   55.8 	   57.8 
 145.5 	   56.7 	   50.8 
 146.0 	   48.2 	   56.1 
 146.5 	   55.1 	   53.7 
 147.0 	   48.4 	   48.8 
 147.5 	   55.8 	   53.4 
 148.0 	   52.3 	   43.2 
 148.5 	   47.3 	   56.0 
 149.0 	   47.3 	   49.6 
 149.5 	   54.9 	   40.1 
 150.0 	   45.1 	   58.4 
 150.5 	   56.2 	   54.7 
 151.0 	   53.4 	   60.4 
 151.5 	   47.7 	   58.3 
 152.0 	   51.1 	   55.0 
 152.5 	   58.9 	   59.6 
 153.0 	   60.3 	   60.2 
 153.5 	   54.1 	   54.6 
 154.0 	   52.1 	   52.2 
 154.5 	   62.3 	   54.0 
 155.0 	   43.8 	   55.4 
 155.5 	   57.9 	   52.4 
 156.0 	   53.7 	   46.8 
 156.5 	   60.3 	   49.4 
 157.0 	   61.2 	   55.6 
 157.5 	   61.0 	   50.5 
 158.0 	   50.2 	   57.3 
 158.5 	   51.9 	   54.0 
 159.0 	   57.8 	   53.6 
 159.5 	   57.6 	   51.2 
 160.0 	   49.1 	   51.8 
 160.5 	   59.7 	   51.0 
 161.0 	   52.0 	   50.5 
 161.5 	   55.0 	   44.6 
 162.0 	   47.6 	   53.4 
 162.5 	   54.4 	   50.4 
 163.0 	   45.1 	   56.6 
 163.5 	   52.6 	   47.2 
 164.0 	   47.7 	   53.3 
 164.5 	   57.6 	   44.8 
 165.0 	   39.5 	   51.6 
 165.5 	   54.3 	   55.4 
 166.0 	   51.0 	   45.7 
 166.5 	   51.4 	   42.3 
 167.0 	   55.5 	   59.2 
 167.5 	   48.1 	   54.2 
 168.0 	   62.4 	   53.6 
 168.5 	   53.9 	   51.1 
 169.0 	   58.1 	   46.5 
 169.5 	   60.5 	   33.7 
 170.0 	   42.3 	   56.8 
 170.5 	   49.8 	   42.5 
 171.0 	   49.3 	   53.7 
 171.5 	   57.2 	   39.4 
 172.0 	   56.7 	   56.9 
 172.5 	   36.9 	   51.7 
 173.0 	   33.4 	   56.5 
 173.5 	   59.5 	   51.9 
 174.0 	   52.8 	   55.4 
 174.5 	   58.4 	   54.5 
 175.0 	   51.5 	   55.6 
 175.5 	   59.3 	   43.8 
 176.0 	   49.3 	   57.5 
 176.5 	   51.5 	   57.9 
 177.0 	   52.6 	   57.3 
 177.5 	   50.4 	   55.7 
 178.0 	   53.7 	   53.8 
 178.5 	   54.9 	   59.0 
 179.0 	   58.8 	   51.2 
 179.5 	   56.8 	   51.9 
 180.0 	   53.4 	   58.6 
 180.5 	   48.6 	   42.3 
 181.0 	   53.4 	   49.4 
 181.5 	   44.3 	   60.0 
 182.0 	   43.9 	   58.7 
 182.5 	   60.3 	   54.2 
 183.0 	   52.6 	   52.8 
 183.5 	   55.5 	   45.8 
 184.0 	   46.1 	   54.8 
 184.5 	   57.5 	   53.7 
 185.0 	   59.7 	   55.0 
 185.5 	   59.0 	   47.1 
 186.0 	   48.5 	   49.4 
 186.5 	   56.6 	   45.7 
 187.0 	   54.8 	   58.3 
 187.5 	   57.8 	   54.6 
 188.0 	   57.9 	   52.1 
 188.5 	   58.4 	   55.2 
 189.0 	   62.2 	   51.6 
 189.5 	   60.8 	   48.7 
 190.0 	   50.5 	   46.0 
 190.5 	   59.0 	   52.0 
 191.0 	   58.0 	   44.0 
 191.5 	   51.1 	   47.8 
 192.0 	   54.1 	   51.8 
 192.5 	   48.5 	   53.2 
 193.0 	   57.6 	   50.8 
 193.5 	   57.6 	   60.5 
 194.0 	   51.5 	   52.2 
 194.5 	   56.0 	   55.0 
 195.0 	   52.8 	   37.8 
 195.5 	   57.9 	   58.1 
 196.0 	   45.8 	   53.1 
 196.5 	   57.4 	   55.8 
 197.0 	   54.6 	   60.2 
 197.5 	   58.8 	   55.5 
 198.0 	   58.9 	   48.8 
 198.5 	   64.3 	   53.5 
 199.0 	   56.2 	   58.7 
 199.5 	   60.8 	   60.7 
 200.0 	   59.4 	   59.5 
 200.5 	   58.7 	   50.9 
 201.0 	   45.8 	   54.5 
 201.5 	   45.0 	   57.1 
 202.0 	   56.1 	   54.7 
 202.5 	   55.6 	   56.0 
 203.0 	   50.8 	   44.3 
 203.5 	   60.8 	   42.8 
 204.0 	   62.5 	   53.6 
 204.5 	   61.1 	   42.5 
 205.0 	   62.6 	   55.8 
 205.5 	   52.8 	   49.8 
 206.0 	   45.4 	   47.8 
 206.5 	   65.3 	   57.7 
 207.0 	   53.1 	   58.7 
 207.5 	   55.2 	   48.8 
 208.0 	   54.9 	   37.2 
 208.5 	   63.1 	   56.7 
 209.0 	   55.1 	   38.1 
 209.5 	   60.5 	   53.8 
 210.0 	   50.5 	   53.4 
 210.5 	   61.8 	   47.8 
 211.0 	   60.7 	   54.1 
 211.5 	   50.4 	   55.9 
 212.0 	   52.2 	   50.6 
 212.5 	   54.6 	   42.6 
 213.0 	   59.1 	   58.6 
 213.5 	   50.4 	   62.5 
 214.0 	   52.0 	   51.5 
 214.5 	   56.0 	   46.7 
 215.0 	   57.5 	   54.9 
 215.5 	   51.2 	   57.8 
 216.0 	   60.4 	   48.1 
 216.5 	   61.1 	   55.1 
 217.0 	   49.7 	   56.1 
 217.5 	   60.7 	   58.2 
 218.0 	   57.7 	   52.8 
 218.5 	   64.1 	   47.7 
 219.0 	   58.7 	   55.5 
 219.5 	   52.8 	   50.9 
 220.0 	   60.7 	   40.2 
 220.5 	   64.9 	   48.5 
 221.0 	   59.7 	   57.4 
 221.5 	   60.2 	   52.1 
 222.0 	   53.5 	   53.4 
 222.5 	   54.5 	   47.5 
 223.0 	   61.6 	   47.8 
 223.5 	   62.7 	   49.9 
 224.0 	   61.4 	   56.2 
 224.5 	   51.5 	   50.9 
 225.0 	   58.9 	   49.5 
 225.5 	   40.4 	   46.2 
 226.0 	   57.5 	   57.6 
 226.5 	   64.2 	   50.6 
 227.0 	   58.5 	   54.7 
 227.5 	   58.9 	   50.8 
 228.0 	   66.8 	   58.1 
 228.5 	   65.8 	   47.3 
 229.0 	   56.4 	   44.8 
 229.5 	   58.6 	   56.7 
 230.0 	   57.7 	   52.8 
 230.5 	   56.6 	   53.9 
 231.0 	   58.2 	   38.4 
 231.5 	   62.9 	   59.2 
 232.0 	   57.0 	   50.0 
 232.5 	   51.1 	   45.8 
 233.0 	   59.8 	   55.1 
 233.5 	   54.8 	   50.2 
 234.0 	   48.1 	   55.6 
 234.5 	   56.3 	   41.2 
 235.0 	   59.5 	   57.2 
 235.5 	   60.0 	   57.5 
 236.0 	   57.7 	   54.3 
 236.5 	   53.4 	   49.0 
 237.0 	   55.1 	   48.9 
 237.5 	   62.2 	   57.0 
 238.0 	   62.2 	   40.8 
 238.5 	   63.7 	   58.3 
 239.0 	   57.6 	   36.6 
 239.5 	   57.3 	   41.0 
 240.0 	   57.4 	   54.5 
 240.5 	   59.4 	   58.2 
 241.0 	   57.7 	   61.2 
 241.5 	   60.1 	   56.2 
 242.0 	   59.3 	   48.7 
 242.5 	   63.1 	   47.7 
 243.0 	   63.7 	   45.6 
 243.5 	   61.1 	   54.6 
 244.0 	   60.4 	   45.3 
 244.5 	   66.1 	   54.3 
 245.0 	   57.3 	   54.4 
 245.5 	   54.5 	   54.9 
 246.0 	   63.9 	   53.1 
 246.5 	   62.1 	   54.3 
 247.0 	   57.7 	   55.5 
 247.5 	   56.8 	   45.0 
 248.0 	   58.1 	   57.6 
 248.5 	   54.3 	   49.0 
 249.0 	   60.4 	   54.7 
 249.5 	   61.4 	   54.5 
 250.0 	   58.8 	   52.2 
 250.5 	   50.6 	   47.6 
 251.0 	   60.1 	   48.6 
 251.5 	   50.5 	   52.9 
 252.0 	   59.8 	   53.0 
 252.5 	   57.9 	   54.8 
 253.0 	   59.9 	   40.7 
 253.5 	   58.6 	   51.5 
 254.0 	   53.1 	   24.8 
 254.5 	   62.3 	   45.1 
 255.0 	   61.0 	   53.0 
 255.5 	   52.3 	   50.3 
 256.0 	   56.6 	   49.1 
 256.5 	   60.9 	   58.3 
 257.0 	   55.1 	   44.2 
 257.5 	   65.3 	   47.3 
 258.0 	   54.4 	   46.3 
 258.5 	   53.2 	   46.3 
 259.0 	   60.2 	   50.2 
 259.5 	   41.5 	   53.3 
 260.0 	   65.9 	   55.1 
 260.5 	   59.7 	   51.3 
 261.0 	   57.0 	   49.4 
 261.5 	   59.8 	   54.5 
 262.0 	   57.2 	   45.6 
 262.5 	   58.4 	   49.6 
 263.0 	   50.1 	   50.1 
 263.5 	   63.8 	   55.4 
 264.0 	   56.4 	   48.6 
 264.5 	   60.9 	   57.3 
 265.0 	   53.7 	   59.0 
 265.5 	   65.3 	   52.1 
 266.0 	   63.7 	   54.8 
 266.5 	   52.5 	   50.6 
 267.0 	   60.6 	   41.4 
 267.5 	   56.4 	   52.4 
 268.0 	   61.3 	   45.3 
 268.5 	   60.0 	   59.3 
 269.0 	   52.4 	   51.9 
 269.5 	   56.6 	   53.7 
 270.0 	   57.4 	   49.0 
 270.5 	   60.4 	   52.1 
 271.0 	   62.2 	   46.0 
 271.5 	   56.7 	   55.4 
 272.0 	   53.7 	   53.6 
 272.5 	   59.4 	   61.3 
 273.0 	   57.4 	   49.6 
 273.5 	   61.2 	   60.6 
 274.0 	   55.2 	   49.6 
 274.5 	   54.3 	   50.2 
 275.0 	   56.1 	   59.5 
 275.5 	   58.1 	   61.0 
 276.0 	   53.4 	   50.6 
 276.5 	   53.7 	   51.8 
 277.0 	   51.4 	   53.6 
 277.5 	   55.2 	   53.5 
 278.0 	   60.8 	   55.2 
 278.5 	   47.9 	   53.7 
 279.0 	   55.7 	   49.7 
 279.5 	   61.6 	   61.0 
 280.0 	   64.0 	   56.2 
 280.5 	   60.6 	   58.6 
 281.0 	   55.3 	   49.2 
 281.5 	   57.6 	   40.3 
 282.0 	   63.1 	   56.1 
 282.5 	   64.7 	   55.3 
 283.0 	   58.1 	   55.0 
 283.5 	   57.1 	   58.9 
 284.0 	   65.4 	   54.8 
 284.5 	   62.0 	   48.6 
 285.0 	   63.5 	   42.6 
 285.5 	   62.8 	   49.1 
 286.0 	   59.4 	   38.5 
 286.5 	   64.8 	   57.6 
 287.0 	   60.4 	   45.2 
 287.5 	   40.1 	   38.8 
 288.0 	   64.5 	   55.5 
 288.5 	   61.5 	   57.1 
 289.0 	   59.1 	   50.9 
 289.5 	   62.1 	   53.8 
 290.0 	   53.4 	   59.5 
 290.5 	   53.0 	   60.8 
 291.0 	   58.7 	   48.2 
 291.5 	   58.5 	   61.7 
 292.0 	   61.0 	   56.7 
 292.5 	   57.1 	   46.7 
 293.0 	   59.8 	   50.5 
 293.5 	   56.1 	   55.3 
 294.0 	   61.4 	   60.3 
 294.5 	   60.7 	   48.9 
 295.0 	   55.1 	   51.6 
 295.5 	   60.5 	   52.6 
 296.0 	   57.6 	   57.1 
 296.5 	   54.3 	   58.3 
 297.0 	   58.1 	   55.3 
 297.5 	   59.7 	   59.2 
 298.0 	   53.2 	   43.4 
 298.5 	   60.2 	   44.9 
 299.0 	   64.1 	   47.7 
 299.5 	   55.8 	   47.0 
 300.0 	   45.6 	   51.2 
 300.5 	   55.6 	   49.7 
 301.0 	   59.2 	   48.7 
 301.5 	   64.2 	   54.0 
 302.0 	   48.3 	   51.9 
 302.5 	   60.5 	   41.7 
 303.0 	   58.5 	   56.3 
 303.5 	   59.0 	   45.9 
 304.0 	   62.8 	   60.6 
 304.5 	   51.4 	   53.2 
 305.0 	   60.3 	   38.6 
 305.5 	   53.3 	   50.0 
 306.0 	   54.2 	   44.8 
 306.5 	   65.8 	   55.9 
 307.0 	   52.1 	   54.2 
 307.5 	   61.5 	   60.8 
 308.0 	   58.5 	   55.0 
 308.5 	   54.6 	   46.8 
 309.0 	   22.8 	   48.6 
 309.5 	   58.0 	   54.8 
 310.0 	   51.9 	   50.9 
 310.5 	   49.6 	   57.7 
 311.0 	   50.4 	   45.4 
 311.5 	   56.4 	   52.4 
 312.0 	   61.6 	   50.5 
 312.5 	   59.8 	   50.7 
 313.0 	   58.6 	   50.1 
 313.5 	   53.4 	   34.9 
 314.0 	   57.6 	   38.1 
 314.5 	   66.4 	   58.6 
 315.0 	   60.9 	   54.6 
 315.5 	   57.6 	   57.0 
 316.0 	   62.3 	   56.2 
 316.5 	   57.2 	   50.4 
 317.0 	   63.2 	   56.0 
 317.5 	   57.9 	   57.3 
 318.0 	   57.9 	   52.1 
 318.5 	   47.0 	   56.8 
 319.0 	   50.7 	   54.3 
 319.5 	   60.9 	   59.4 
 320.0 	   58.1 	   52.9 
 320.5 	   51.3 	   45.3 
 321.0 	   58.8 	   57.5 
 321.5 	   57.8 	   51.1 
 322.0 	   55.5 	   55.7 
 322.5 	   59.4 	   53.2 
 323.0 	   62.0 	   44.3 
 323.5 	   62.3 	   45.7 
 324.0 	   58.3 	   53.5 
 324.5 	   56.9 	   52.5 
 325.0 	   55.2 	   57.5 
 325.5 	   64.9 	   59.4 
 326.0 	   62.4 	   50.4 
 326.5 	   63.4 	   55.9 
 327.0 	   46.4 	   47.9 
 327.5 	   55.4 	   50.1 
 328.0 	   63.9 	   56.2 
 328.5 	   54.9 	   57.0 
 329.0 	   49.5 	   43.7 
 329.5 	   47.6 	   56.4 
 330.0 	   54.4 	   55.2 
 330.5 	   60.1 	   57.9 
 331.0 	   56.2 	   46.1 
 331.5 	   64.7 	   50.4 
 332.0 	   62.9 	   54.7 
 332.5 	   59.2 	   54.9 
 333.0 	   63.2 	   54.0 
 333.5 	   56.9 	   53.2 
 334.0 	   51.7 	   47.7 
 334.5 	   56.5 	   56.9 
 335.0 	   47.5 	   54.3 
 335.5 	   62.2 	   49.4 
 336.0 	   63.9 	   44.3 
 336.5 	   58.3 	   52.8 
 337.0 	   60.4 	   58.7 
 337.5 	   50.5 	   48.0 
 338.0 	   58.8 	   46.6 
 338.5 	   44.2 	   53.7 
 339.0 	   56.7 	   50.4 
 339.5 	   51.0 	   46.2 
 340.0 	   58.9 	   51.2 
 340.5 	   49.3 	   57.2 
 341.0 	   60.9 	   50.2 
 341.5 	   62.5 	   48.0 
 342.0 	   48.1 	   54.3 
 342.5 	   59.1 	   54.1 
 343.0 	   41.0 	   59.1 
 343.5 	   62.6 	   44.8 
 344.0 	   53.5 	   44.9 
 344.5 	   56.9 	   52.0 
 345.0 	   57.7 	   55.7 
 345.5 	   59.1 	   54.2 
 346.0 	   52.0 	   51.4 
 346.5 	   49.9 	   54.2 
 347.0 	   54.2 	   53.4 
 347.5 	   62.4 	   45.4 
 348.0 	   57.0 	   47.6 
 348.5 	   49.4 	   43.7 
 349.0 	   61.1 	   49.7 
 349.5 	   54.4 	   42.0 
 350.0 	   53.6 	   57.6 
 350.5 	   56.7 	   52.0 
 351.0 	   51.4 	   54.5 
 351.5 	   56.2 	   45.1 
 352.0 	   57.1 	   48.0 
 352.5 	   59.8 	   41.9 
 353.0 	   54.1 	   56.4 
 353.5 	   56.7 	   54.0 
 354.0 	   57.1 	   46.9 
 354.5 	   57.8 	   53.8 
 355.0 	   57.2 	   54.9 
 355.5 	   58.7 	   46.3 
 356.0 	   51.8 	   51.1 
 356.5 	   60.0 	   55.0 
 357.0 	   64.4 	   56.1 
 357.5 	   61.0 	   42.0 
 358.0 	   60.4 	   57.3 
 358.5 	   57.0 	   54.0 
 359.0 	   63.8 	   34.7 
 359.5 	   51.8 	   47.5 
 360.0 	   65.7 	   50.2 
 360.5 	   55.9 	   53.6 
 361.0 	   62.7 	   53.4 
 361.5 	   51.8 	   59.7 
 362.0 	   61.9 	   52.2 
 362.5 	   57.2 	   51.8 
 363.0 	   61.7 	   53.5 
 363.5 	   54.3 	   50.7 
 364.0 	   56.7 	   51.3 
 364.5 	   52.6 	   53.3 
 365.0 	   62.0 	   42.8 
 365.5 	   62.4 	   54.1 
 366.0 	   60.9 	   53.3 
 366.5 	   47.4 	   56.8 
 367.0 	   56.4 	   57.4 
 367.5 	   44.3 	   49.8 
 368.0 	   59.5 	   51.5 
 368.5 	   58.5 	   55.9 
 369.0 	   56.7 	   57.0 
 369.5 	   57.7 	   45.4 
 370.0 	   57.2 	   50.2 
 370.5 	   57.0 	   47.5 
 371.0 	   52.8 	   55.8 
 371.5 	   51.5 	   54.8 
 372.0 	   60.7 	   54.1 
 372.5 	   54.9 	   50.6 
 373.0 	   59.6 	   58.5 
 373.5 	   58.4 	   55.6 
 374.0 	   64.3 	   45.2 
 374.5 	   49.5 	   39.3 
 375.0 	   65.6 	   48.7 
 375.5 	   57.8 	   53.2 
 376.0 	   58.1 	   50.8 
 376.5 	   43.0 	   44.2 
 377.0 	   61.7 	   51.2 
 377.5 	   50.6 	   49.6 
 378.0 	   60.8 	   51.9 
 378.5 	   49.9 	   53.9 
 379.0 	   54.1 	   55.7 
 379.5 	   47.0 	   37.6 
 380.0 	   59.7 	   56.4 
 380.5 	   62.1 	   35.4 
 381.0 	   39.9 	   51.7 
 381.5 	   54.4 	   44.8 
 382.0 	   59.1 	   41.4 
 382.5 	   61.6 	   51.5 
 383.0 	   54.4 	   60.0 
 383.5 	   52.9 	   52.2 
 384.0 	   55.7 	   53.3 
 384.5 	   60.0 	   49.5 
 385.0 	   56.2 	   38.9 
 385.5 	   56.3 	   57.1 
 386.0 	   59.5 	   58.4 
 386.5 	   48.1 	   45.5 
 387.0 	   37.2 	   58.3 
 387.5 	   56.9 	   41.3 
 388.0 	   57.7 	   50.1 
 388.5 	   60.7 	   45.4 
 389.0 	   50.6 	   59.9 
 389.5 	   59.9 	   47.2 
 390.0 	   51.9 	   48.7 
 390.5 	   60.8 	   38.2 
 391.0 	   57.8 	   53.2 
 391.5 	   59.7 	   45.6 
 392.0 	   64.9 	   39.7 
 392.5 	   60.8 	   57.8 
 393.0 	   62.5 	   38.9 
 393.5 	   45.3 	   41.9 
 394.0 	   61.3 	   52.0 
 394.5 	   57.5 	   57.3 
 395.0 	   60.1 	   52.0 
 395.5 	   55.2 	   48.3 
 396.0 	   56.4 	   50.0 
 396.5 	   60.3 	   52.4 
 397.0 	   58.3 	   45.2 
 397.5 	   49.4 	   53.6 
 398.0 	   57.4 	   55.7 
 398.5 	   47.8 	   48.6 
 399.0 	   53.2 	   40.7 
 399.5 	   52.8 	   49.1 
 400.0 	   60.5 	   48.9 
 400.5 	   60.0 	   47.2 
 401.0 	   55.5 	   58.4 
 401.5 	   56.7 	   46.6 
 402.0 	   55.8 	   58.7 
 402.5 	   60.2 	   52.7 
 403.0 	   57.2 	   54.1 
 403.5 	   50.5 	   42.6 
 404.0 	   58.5 	   51.9 
 404.5 	   54.6 	   58.3 
 405.0 	   54.0 	   53.3 
 405.5 	   50.6 	   50.5 
 406.0 	   50.9 	   56.0 
 406.5 	   53.7 	   54.6 
 407.0 	   55.1 	   55.1 
 407.5 	   58.2 	   44.0 
 408.0 	   53.9 	   59.0 
 408.5 	   56.3 	   48.6 
 409.0 	   52.2 	   45.6 
 409.5 	   43.0 	   57.0 
 410.0 	   51.0 	   50.8 
 410.5 	   56.2 	   50.5 
 411.0 	   55.1 	   59.1 
 411.5 	   62.4 	   53.0 
 412.0 	   51.3 	   58.3 
 412.5 	   63.4 	   49.8 
 413.0 	   48.3 	   53.8 
 413.5 	   51.2 	   56.4 
 414.0 	   55.1 	   60.4 
 414.5 	   58.8 	   43.0 
 415.0 	   58.6 	   47.8 
 415.5 	   52.4 	   52.8 
 416.0 	   59.9 	   40.1 
 416.5 	   63.7 	   53.9 
 417.0 	   56.4 	   53.5 
 417.5 	   56.9 	   51.6 
 418.0 	   53.6 	   56.5 
 418.5 	   61.1 	   47.6 
 419.0 	   61.1 	   52.7 
 419.5 	   56.5 	   51.3 
 420.0 	   43.6 	   56.5 
 420.5 	   59.5 	   52.0 
 421.0 	   59.3 	   50.3 
 421.5 	   61.2 	   55.8 
 422.0 	   62.5 	   49.6 
 422.5 	   64.3 	   53.7 
 423.0 	   64.2 	   43.2 
 423.5 	   59.0 	   39.9 
 424.0 	   59.5 	   52.5 
 424.5 	   59.2 	   50.0 
 425.0 	   51.1 	   52.2 
 425.5 	   57.4 	   57.5 
 426.0 	   56.3 	   56.1 
 426.5 	   55.2 	   57.2 
 427.0 	   58.2 	   32.3 
 427.5 	   56.9 	   53.4 
 428.0 	   55.2 	   54.8 
 428.5 	   60.3 	   49.0 
 429.0 	   56.2 	   51.9 
 429.5 	   64.5 	   57.2 
 430.0 	   53.4 	   52.7 
 430.5 	   61.5 	   54.3 
 431.0 	   58.0 	   48.3 
 431.5 	   55.2 	   55.9 
 432.0 	   56.3 	   48.8 
 432.5 	   62.7 	   59.3 
 433.0 	   56.3 	   52.3 
 433.5 	   54.2 	   50.9 
 434.0 	   63.1 	   54.9 
 434.5 	   66.6 	   53.1 
 435.0 	   54.9 	   53.1 
 435.5 	   57.9 	   47.4 
 436.0 	   50.8 	   58.6 
 436.5 	   56.4 	   50.0 
 437.0 	   58.9 	   50.2 
 437.5 	   60.0 	   48.7 
 438.0 	   59.7 	   57.3 
 438.5 	   57.4 	   51.2 
 439.0 	   57.4 	   43.7 
 439.5 	   37.0 	   57.8 
 440.0 	   53.6 	   52.8 
 440.5 	   64.3 	   55.2 
 441.0 	   56.7 	   38.6 
 441.5 	   47.1 	   57.7 
 442.0 	   62.2 	   56.8 
 442.5 	   57.6 	   50.4 
 443.0 	   59.4 	   54.8 
 443.5 	   37.6 	   46.5 
 444.0 	   60.1 	   51.7 
 444.5 	   60.0 	   42.7 
 445.0 	   60.4 	   52.5 
 445.5 	   54.2 	   60.3 
 446.0 	   55.8 	   57.2 
 446.5 	   63.8 	   43.8 
 447.0 	   59.6 	   55.0 
 447.5 	   56.2 	   51.4 
 448.0 	   59.6 	   51.9 
 448.5 	   60.1 	   49.1 
 449.0 	   60.9 	   53.3 
 449.5 	   59.9 	   50.1 
 450.0 	   58.8 	   52.0 
 450.5 	   61.4 	   49.1 
 451.0 	   59.5 	   44.4 
 451.5 	   58.9 	   54.7 
 452.0 	   60.3 	   55.1 
 452.5 	   55.2 	   48.7 
 453.0 	   62.4 	   52.7 
 453.5 	   57.0 	   46.0 
 454.0 	   55.1 	   53.2 
 454.5 	   50.0 	   56.6 
 455.0 	   62.5 	   60.0 
 455.5 	   53.8 	   29.3 
 456.0 	   59.1 	   52.3 
 456.5 	   48.4 	   50.9 
 457.0 	   61.3 	   48.2 
 457.5 	   51.8 	   59.1 
 458.0 	   64.6 	   50.6 
 458.5 	   52.4 	   47.9 
 459.0 	   60.2 	   56.9 
 459.5 	   61.7 	   49.8 
 460.0 	   62.5 	   53.6 
 460.5 	   59.2 	   52.6 
 461.0 	   58.5 	   52.4 
 461.5 	   54.2 	   46.1 
 462.0 	   58.4 	   49.3 
 462.5 	   38.3 	   55.1 
 463.0 	   63.0 	   46.5 
 463.5 	   55.7 	   54.1 
 464.0 	   57.1 	   43.8 
 464.5 	   56.8 	   47.7 
 465.0 	   50.1 	   54.2 
 465.5 	   59.8 	   41.5 
 466.0 	   66.9 	   50.5 
 466.5 	   56.9 	   60.7 
 467.0 	   58.0 	   57.0 
 467.5 	   54.9 	   55.7 
 468.0 	   63.5 	   43.8 
 468.5 	   43.4 	   51.4 
 469.0 	   62.2 	   41.4 
 469.5 	   58.0 	   45.3 
 470.0 	   64.2 	   54.8 
 470.5 	   53.4 	   57.9 
 471.0 	   55.8 	   48.6 
 471.5 	   58.9 	   52.5 
 472.0 	   63.4 	   53.4 
 472.5 	   51.5 	   48.7 
 473.0 	   47.8 	   45.8 
 473.5 	   66.6 	   54.4 
 474.0 	   63.4 	   56.9 
 474.5 	   62.4 	   57.3 
 475.0 	   62.6 	   58.1 
 475.5 	   62.7 	   45.5 
 476.0 	   65.3 	   48.4 
 476.5 	   60.6 	   55.5 
 477.0 	   54.9 	   60.1 
 477.5 	   62.2 	   56.6 
 478.0 	   61.4 	   52.3 
 478.5 	   57.6 	   48.2 
 479.0 	   47.0 	   54.2 
 479.5 	   57.4 	   57.0 
 480.0 	   65.5 	   57.9 
 480.5 	   62.3 	   54.4 
 481.0 	   62.6 	   52.3 
 481.5 	   57.9 	   56.8 
 482.0 	   61.2 	   59.4 
 482.5 	   66.3 	   50.2 
 483.0 	   56.3 	   47.5 
 483.5 	   59.2 	   60.7 
 484.0 	   58.2 	   62.9 
 484.5 	   58.4 	   57.5 
 485.0 	   62.6 	   47.3 
 485.5 	   58.6 	   56.4 
 486.0 	   59.2 	   45.3 
 486.5 	   65.1 	   57.5 
 487.0 	   59.8 	   56.4 
 487.5 	   55.7 	   49.2 
 488.0 	   62.4 	   55.8 
 488.5 	   62.1 	   51.8 
 489.0 	   59.4 	   52.8 
 489.5 	   62.3 	   45.3 
 490.0 	   64.8 	   46.6 
 490.5 	   54.4 	   50.4 
 491.0 	   45.1 	   55.6 
 491.5 	   44.2 	   49.8 
 492.0 	   58.7 	   55.6 
 492.5 	   62.0 	   46.0 
 493.0 	   52.2 	   45.6 
 493.5 	   55.0 	   55.0 
 494.0 	   65.5 	   52.6 
 494.5 	   58.2 	   53.7 
 495.0 	   54.0 	   47.5 
 495.5 	   64.7 	   60.9 
 496.0 	   66.1 	   54.5 
 496.5 	   61.4 	   53.6 
 497.0 	   56.7 	   46.2 
 497.5 	   58.9 	   41.8 
 498.0 	   64.8 	   51.9 
 498.5 	   57.7 	   51.0 
 499.0 	   56.1 	   57.3 
 499.5 	   58.8 	   58.9 
 500.0 	   65.8 	   54.5 
 500.5 	   62.7 	   50.3 
 501.0 	   53.9 	   56.8 
 501.5 	   55.6 	   50.7 
 502.0 	   49.7 	   58.5 
 502.5 	   59.2 	   56.8 
 503.0 	   51.7 	   53.0 
 503.5 	   60.5 	   59.6 
 504.0 	   64.8 	   53.0 
 504.5 	   55.4 	   54.8 
 505.0 	   55.6 	   58.2 
 505.5 	   55.8 	   55.4 
 506.0 	   67.3 	   59.1 
 506.5 	   61.4 	   54.8 
 507.0 	   62.2 	   59.4 
 507.5 	   55.3 	   38.8 
 508.0 	   61.2 	   43.3 
 508.5 	   64.9 	   61.0 
 509.0 	   58.4 	   56.7 
 509.5 	   43.4 	   55.0 
 510.0 	   58.2 	   57.5 
 510.5 	   65.4 	   50.2 
 511.0 	   47.7 	   52.6 
 511.5 	   58.9 	   49.4 
 512.0 	   60.3 	   48.5 
 512.5 	   45.8 	   51.7 
 513.0 	   58.1 	   46.6 
 513.5 	   61.9 	   42.8 
 514.0 	   65.4 	   50.4 
 514.5 	   59.9 	   60.3 
 515.0 	   57.4 	   50.4 
 515.5 	   46.5 	   57.7 
 516.0 	   62.0 	   55.2 
 516.5 	   55.4 	   60.3 
 517.0 	   53.5 	   52.0 
 517.5 	   47.9 	   47.8 
 518.0 	   60.6 	   58.4 
 518.5 	   65.5 	   61.6 
 519.0 	   51.2 	   41.0 
 519.5 	   54.0 	   62.7 
 520.0 	   60.3 	   47.8 
 520.5 	   50.7 	   54.5 
 521.0 	   48.6 	   59.9 
 521.5 	   61.6 	   66.6 
 522.0 	   61.9 	   52.7 
 522.5 	   59.4 	   57.3 
 523.0 	   47.4 	   61.1 
 523.5 	   50.7 	   60.6 
 524.0 	   62.7 	   50.1 
 524.5 	   62.3 	   56.8 
 525.0 	   59.6 	   60.0 
 525.5 	   33.0 	   60.1 
 526.0 	   61.2 	   56.9 
 526.5 	   61.1 	   62.5 
 527.0 	   58.5 	   55.2 
 527.5 	   64.7 	   62.6 
 528.0 	   55.2 	   61.2 
 528.5 	   62.5 	   60.4 
 529.0 	   59.2 	   62.6 
 529.5 	   50.2 	   62.4 
 530.0 	   58.0 	   58.4 
 530.5 	   58.1 	   65.9 
 531.0 	   56.4 	   63.6 
 531.5 	   57.9 	   67.0 
 532.0 	   56.0 	   60.0 
 532.5 	   57.7 	   67.2 
 533.0 	   62.7 	   65.9 
 533.5 	   53.1 	   67.1 
 534.0 	   63.0 	   51.8 
 534.5 	   40.5 	   66.3 
 535.0 	   53.5 	   49.7 
 535.5 	   61.2 	   65.8 
 536.0 	   56.4 	   60.5 
 536.5 	   56.4 	   67.7 
 537.0 	   52.2 	   59.0 
 537.5 	   64.7 	   59.2 
 538.0 	   54.2 	   63.6 
 538.5 	   56.8 	   60.4 
 539.0 	   58.6 	   63.3 
 539.5 	   66.1 	   59.6 
 540.0 	   62.0 	   59.5 
 540.5 	   60.3 	   63.0 
 541.0 	   45.1 	   63.6 
 541.5 	   62.8 	   60.6 
 542.0 	   47.5 	   58.9 
 542.5 	   61.1 	   58.6 
 543.0 	   59.0 	   61.0 
 543.5 	   56.4 	   64.7 
 544.0 	   54.2 	   55.2 
 544.5 	   57.4 	   54.5 
 545.0 	   49.4 	   63.0 
 545.5 	   58.6 	   67.4 
 546.0 	   57.6 	   62.5 
 546.5 	   35.7 	   65.2 
 547.0 	   46.7 	   66.4 
 547.5 	   64.1 	   65.7 
 548.0 	   55.3 	   58.9 
 548.5 	   61.9 	   58.4 
 549.0 	   57.7 	   63.7 
 549.5 	   62.2 	   66.5 
 550.0 	   63.8 	   66.7 
 550.5 	   63.1 	   59.0 
 551.0 	   60.8 	   62.2 
 551.5 	   62.5 	   57.6 
 552.0 	   58.4 	   69.5 
 552.5 	   54.0 	   64.0 
 553.0 	   37.7 	   68.5 
 553.5 	   59.4 	   67.2 
 554.0 	   61.1 	   66.0 
 554.5 	   56.3 	   65.0 
 555.0 	   53.4 	   64.9 
 555.5 	   60.9 	   72.9 
 556.0 	   64.4 	   63.8 
 556.5 	   51.1 	   65.5 
 557.0 	   56.8 	   60.0 
 557.5 	   62.3 	   73.3 
 558.0 	   60.1 	   52.9 
 558.5 	   55.5 	   61.3 
 559.0 	   46.6 	   60.7 
 559.5 	   64.2 	   55.6 
 560.0 	   57.9 	   67.5 
 560.5 	   59.3 	   66.0 
 561.0 	   50.7 	   59.2 
 561.5 	   60.0 	   62.6 
 562.0 	   58.8 	   65.4 
 562.5 	   56.9 	   67.4 
 563.0 	   52.8 	   69.1 
 563.5 	   53.4 	   55.3 
 564.0 	   55.5 	   56.4 
 564.5 	   44.8 	   63.3 
 565.0 	   59.7 	   62.5 
 565.5 	   61.2 	   61.6 
 566.0 	   61.5 	   53.2 
 566.5 	   55.2 	   61.4 
 567.0 	   55.2 	   72.4 
 567.5 	   57.9 	   70.2 
 568.0 	   56.8 	   64.6 
 568.5 	   55.6 	   60.9 
 569.0 	   56.5 	   71.0 
 569.5 	   63.6 	   58.6 
 570.0 	   57.0 	   52.0 
 570.5 	   61.1 	   64.2 
 571.0 	   56.4 	   49.7 
 571.5 	   59.1 	   64.2 
 572.0 	   57.0 	   69.7 
 572.5 	   58.4 	   69.4 
 573.0 	   38.5 	   69.6 
 573.5 	   61.4 	   71.2 
 574.0 	   62.8 	   56.3 
 574.5 	   52.8 	   65.2 
 575.0 	   62.9 	   64.8 
 575.5 	   58.4 	   59.9 
 576.0 	   56.1 	   61.2 
 576.5 	   55.5 	   70.6 
 577.0 	   58.4 	   65.9 
 577.5 	   58.0 	   74.8 
 578.0 	   60.8 	   70.6 
 578.5 	   45.3 	   57.5 
 579.0 	   56.8 	   63.7 
 579.5 	   59.8 	   64.9 
 580.0 	   60.0 	   69.1 
 580.5 	   54.7 	   59.7 
 581.0 	   53.0 	   65.9 
 581.5 	   61.5 	   65.5 
 582.0 	   60.3 	   66.2 
 582.5 	   60.3 	   67.2 
 583.0 	   46.9 	   66.1 
 583.5 	   52.4 	   65.6 
 584.0 	   60.3 	   69.6 
 584.5 	   47.9 	   71.9 
 585.0 	   58.6 	   67.0 
 585.5 	   57.1 	   73.8 
 586.0 	   55.2 	   66.7 
 586.5 	   62.8 	   68.0 
 587.0 	   59.5 	   63.2 
 587.5 	   58.8 	   55.1 
 588.0 	   57.4 	   62.4 
 588.5 	   62.7 	   72.5 
 589.0 	   60.0 	   70.5 
 589.5 	   54.4 	   65.7 
 590.0 	   57.6 	   72.0 
 590.5 	   57.9 	   68.4 
 591.0 	   60.0 	   74.7 
 591.5 	   52.4 	   66.7 
 592.0 	   60.9 	   60.7 
 592.5 	   52.4 	   70.1 
 593.0 	   55.2 	   62.5 
 593.5 	   56.1 	   67.8 
 594.0 	   55.7 	   66.7 
 594.5 	   61.0 	   73.0 
 595.0 	   54.1 	   72.5 
 595.5 	   46.8 	   69.3 
 596.0 	   50.6 	   67.9 
 596.5 	   50.8 	   70.5 
 597.0 	   48.8 	   70.4 
 597.5 	   60.5 	   66.3 
 598.0 	   53.7 	   68.0 
 598.5 	   58.1 	   72.1 
 599.0 	   61.1 	   67.7 
 599.5 	   57.8 	   50.8 
 600.0 	   49.9 	   72.5 
 600.5 	   59.1 	   72.2 
 601.0 	   58.6 	   75.4 
 601.5 	   63.7 	   59.6 
 602.0 	   63.6 	   71.4 
 602.5 	   54.5 	   68.5 
 603.0 	   49.8 	   70.5 
 603.5 	   48.9 	   76.1 
 604.0 	   54.0 	   70.9 
 604.5 	   59.1 	   65.3 
 605.0 	   59.6 	   62.7 
 605.5 	   66.0 	   75.9 
 606.0 	   54.2 	   68.6 
 606.5 	   59.1 	   66.2 
 607.0 	   59.5 	   70.6 
 607.5 	   57.1 	   74.7 
 608.0 	   59.4 	   73.0 
 608.5 	   59.6 	   64.4 
 609.0 	   68.1 	   67.0 
 609.5 	   52.2 	   66.6 
 610.0 	   60.4 	   58.8 
 610.5 	   66.9 	   52.6 
 611.0 	   64.0 	   70.9 
 611.5 	   61.1 	   67.1 
 612.0 	   61.6 	   67.8 
 612.5 	   53.9 	   65.9 
 613.0 	   45.8 	   75.5 
 613.5 	   60.7 	   66.8 
 614.0 	   62.8 	   64.6 
 614.5 	   60.2 	   62.2 
 615.0 	   47.4 	   72.5 
 615.5 	   64.7 	   64.3 
 616.0 	   61.6 	   75.2 
 616.5 	   55.2 	   69.5 
 617.0 	   47.4 	   66.0 
 617.5 	   57.2 	   74.4 
 618.0 	   55.5 	   76.2 
 618.5 	   61.8 	   65.1 
 619.0 	   52.1 	   68.4 
 619.5 	   60.4 	   73.0 
 620.0 	   58.5 	   70.0 
 620.5 	   58.3 	   61.4 
 621.0 	   53.6 	   72.8 
 621.5 	   65.8 	   68.0 
 622.0 	   67.3 	   68.4 
 622.5 	   54.3 	   61.6 
 623.0 	   60.8 	   70.3 
 623.5 	   55.2 	   57.2 
 624.0 	   63.6 	   61.9 
 624.5 	   55.2 	   68.0 
 625.0 	   60.4 	   67.5 
 625.5 	   52.3 	   64.4 
 626.0 	   66.1 	   64.5 
 626.5 	   57.5 	   59.0 
 627.0 	   58.7 	   59.9 
 627.5 	   63.6 	   69.2 
 628.0 	   63.7 	   56.7 
 628.5 	   60.8 	   64.6 
 629.0 	   60.1 	   64.6 
 629.5 	   61.1 	   63.9 
 630.0 	   65.7 	   64.2 
 630.5 	   54.5 	   57.8 
 631.0 	   56.7 	   61.1 
 631.5 	   66.5 	   62.9 
 632.0 	   59.3 	   65.3 
 632.5 	   50.4 	   53.0 
 633.0 	   54.8 	   47.9 
 633.5 	   66.7 	   60.3 
 634.0 	   59.6 	   62.1 
 634.5 	   57.5 	   55.3 
 635.0 	   54.3 	   56.0 
 635.5 	   60.5 	   57.9 
 636.0 	   63.7 	   61.4 
 636.5 	   48.1 	   64.9 
 637.0 	   54.5 	   55.9 
 637.5 	   67.3 	   64.3 
 638.0 	   65.5 	   52.0 
 638.5 	   60.6 	   57.2 
 639.0 	   58.5 	   56.9 
 639.5 	   62.5 	   58.9 
 640.0 	   64.9 	   67.5 
 640.5 	   52.3 	   62.5 
 641.0 	   61.4 	   53.3 
 641.5 	   63.4 	   64.4 
 642.0 	   64.4 	   66.2 
 642.5 	   60.6 	   51.6 
 643.0 	   58.8 	   56.6 
 643.5 	   63.6 	   59.9 
 644.0 	   63.2 	   66.0 
 644.5 	   53.9 	   64.9 
 645.0 	   58.6 	   60.0 
 645.5 	   67.9 	   62.5 
 646.0 	   61.1 	   61.2 
 646.5 	   44.6 	   65.2 
 647.0 	   53.2 	   55.9 
 647.5 	   61.4 	   56.8 
 648.0 	   60.8 	   61.5 
 648.5 	   57.6 	   46.7 
 649.0 	   54.8 	   57.1 
 649.5 	   54.7 	   54.9 
 650.0 	   64.2 	   61.3 
 650.5 	   55.5 	   59.7 
 651.0 	   64.4 	   56.6 
 651.5 	   62.6 	   51.1 
 652.0 	   57.5 	   59.9 
 652.5 	   49.9 	   54.6 
 653.0 	   61.0 	   56.2 
 653.5 	   59.2 	   57.8 
 654.0 	   67.5 	   62.9 
 654.5 	   44.8 	   64.0 
 655.0 	   60.5 	   56.7 
 655.5 	   47.1 	   54.8 
 656.0 	   61.6 	   39.7 
 656.5 	   57.3 	   55.1 
 657.0 	   59.2 	   54.1 
 657.5 	   57.1 	   60.1 
 658.0 	   53.9 	   60.5 
 658.5 	   58.0 	   47.3 
 659.0 	   48.2 	   53.9 
 659.5 	   30.4 	   53.7 
 660.0 	   60.8 	   60.3 
 660.5 	   58.7 	   55.2 
 661.0 	   53.3 	   48.5 
 661.5 	   61.1 	   52.6 
 662.0 	   64.7 	   53.6 
 662.5 	   58.5 	   49.2 
 663.0 	   56.2 	   63.8 
 663.5 	   58.1 	   55.7 
 664.0 	   65.9 	   55.1 
 664.5 	   59.1 	   60.6 
 665.0 	   50.8 	   60.9 
 665.5 	   62.9 	   43.7 
 666.0 	   64.8 	   57.0 
 666.5 	   51.1 	   54.7 
 667.0 	   55.8 	   53.5 
 667.5 	   60.1 	   55.9 
 668.0 	   57.0 	   50.6 
 668.5 	   53.8 	   50.5 
 669.0 	   57.9 	   57.9 
 669.5 	   61.9 	   49.8 
 670.0 	   61.4 	   58.1 
 670.5 	   59.3 	   43.4 
 671.0 	   57.9 	   47.5 
 671.5 	   50.7 	   31.8 
 672.0 	   56.0 	   48.8 
 672.5 	   64.0 	   36.2 
 673.0 	   53.7 	   52.8 
 673.5 	   58.2 	   56.8 
 674.0 	   61.1 	   57.2 
 674.5 	   37.7 	   51.3 
 675.0 	   51.5 	   61.3 
 675.5 	   65.7 	   47.1 
 676.0 	   61.9 	   51.0 
 676.5 	   59.4 	   52.0 
 677.0 	   55.2 	   54.8 
 677.5 	   59.5 	   45.2 
 678.0 	   66.4 	   54.3 
 678.5 	   56.1 	   31.4 
 679.0 	   45.3 	   50.6 
 679.5 	   57.8 	   55.2 
 680.0 	   59.0 	   55.7 
 680.5 	   55.0 	   56.5 
 681.0 	   55.3 	   63.7 
 681.5 	   50.3 	   59.4 
 682.0 	   63.8 	   58.3 
 682.5 	   57.2 	   55.5 
 683.0 	   60.6 	   60.2 
 683.5 	   59.4 	   55.2 
 684.0 	   40.7 	   59.3 
 684.5 	   59.1 	   52.5 
 685.0 	   51.3 	   55.2 
 685.5 	   58.1 	   57.2 
 686.0 	   56.9 	   52.7 
 686.5 	   64.8 	   46.1 
 687.0 	   53.8 	   61.4 
 687.5 	   54.0 	   52.8 
 688.0 	   57.8 	   49.9 
 688.5 	   52.8 	   41.0 
 689.0 	   67.5 	   55.7 
 689.5 	   55.6 	   44.1 
 690.0 	   53.2 	   50.4 
 690.5 	   58.2 	   52.8 
 691.0 	   59.6 	   62.7 
 691.5 	   60.8 	   60.1 
 692.0 	   54.1 	   46.5 
 692.5 	   51.4 	   51.1 
 693.0 	   56.8 	   60.2 
 693.5 	   55.3 	   48.9 
 694.0 	   58.9 	   54.5 
 694.5 	   59.0 	   50.2 
 695.0 	   61.4 	   60.5 
 695.5 	   55.4 	   56.8 
 696.0 	   57.9 	   57.1 
 696.5 	   55.7 	   52.4 
 697.0 	   54.4 	   62.3 
 697.5 	   58.0 	   51.2 
 698.0 	   59.3 	   56.2 
 698.5 	   56.0 	   57.6 
 699.0 	   57.0 	   56.0 
 699.5 	   49.4 	   51.2 
 700.0 	   63.1 	   53.1 
 700.5 	   58.6 	   49.0 
 701.0 	   57.9 	   61.9 
 701.5 	   62.2 	   56.8 
 702.0 	   63.1 	   54.4 
 702.5 	   63.0 	   62.6 
 703.0 	   61.8 	   59.2 
 703.5 	   54.0 	   53.5 
 704.0 	   64.7 	   42.9 
 704.5 	   64.5 	   56.3 
 705.0 	   62.3 	   58.5 
 705.5 	   57.6 	   50.6 
 706.0 	   63.2 	   52.3 
 706.5 	   44.4 	   56.7 
 707.0 	   53.8 	   60.8 
 707.5 	   62.2 	   50.3 
 708.0 	   57.6 	   41.9 
 708.5 	   48.9 	   54.4 
 709.0 	   54.4 	   60.3 
 709.5 	   55.2 	   50.2 
 710.0 	   62.4 	   54.7 
 710.5 	   58.7 	   52.6 
 711.0 	   62.7 	   52.6 
 711.5 	   63.1 	   58.2 
 712.0 	   45.2 	   54.9 
 712.5 	   62.7 	   59.4 
 713.0 	   35.2 	   60.7 
 713.5 	   57.1 	   51.9 
 714.0 	   63.7 	   56.4 
 714.5 	   59.6 	   58.5 
 715.0 	   58.7 	   53.8 
 715.5 	   60.8 	   57.1 
 716.0 	   62.1 	   59.5 
 716.5 	   61.8 	   58.3 
 717.0 	   55.1 	   52.6 
 717.5 	   48.8 	   48.9 
 718.0 	   65.1 	   52.2 
 718.5 	   65.6 	   55.7 
 719.0 	   59.4 	   56.9 
 719.5 	   61.0 	   58.1 
 720.0 	   64.1 	   57.3 
 720.5 	   54.0 	   61.4 
 721.0 	   53.6 	   58.2 
 721.5 	   61.3 	   41.9 
 722.0 	   52.2 	   59.9 
 722.5 	   50.8 	   56.5 
 723.0 	   59.9 	   40.5 
 723.5 	   61.8 	   53.6 
 724.0 	   67.9 	   57.5 
 724.5 	   62.2 	   62.9 
 725.0 	   46.1 	   43.4 
 725.5 	   48.5 	   49.7 
 726.0 	   61.5 	   57.5 
 726.5 	   59.8 	   56.2 
 727.0 	   59.5 	   57.9 
 727.5 	   44.6 	   55.8 
 728.0 	   61.8 	   55.4 
 728.5 	   61.8 	   61.6 
 729.0 	   56.3 	   54.8 
 729.5 	   48.7 	   58.4 
 730.0 	   63.6 	   58.8 
 730.5 	   57.0 	   53.0 
 731.0 	   56.0 	   52.5 
 731.5 	   67.0 	   58.5 
 732.0 	   65.3 	   60.9 
 732.5 	   63.4 	   53.8 
 733.0 	   58.0 	   58.7 
 733.5 	   66.4 	   58.5 
 734.0 	   60.8 	   59.1 
 734.5 	   52.9 	   59.5 
 735.0 	   58.7 	   54.8 
 735.5 	   61.3 	   60.6 
 736.0 	   43.5 	   59.6 
 736.5 	   53.4 	   61.1 
 737.0 	   54.7 	   54.0 
 737.5 	   59.2 	   52.3 
 738.0 	   65.7 	   51.7 
 738.5 	   52.7 	   56.4 
 739.0 	   38.9 	   48.1 
 739.5 	   57.8 	   60.1 
 740.0 	   56.7 	   57.9 
 740.5 	   60.7 	   55.4 
 741.0 	   59.3 	   46.4 
 741.5 	   61.4 	   57.2 
 742.0 	   60.8 	   51.1 
 742.5 	   50.9 	   60.2 
 743.0 	   56.4 	   56.8 
 743.5 	   59.7 	   53.5 
 744.0 	   55.3 	   55.2 
 744.5 	   64.6 	   38.4 
 745.0 	   53.0 	   31.1 
 745.5 	   59.4 	   59.6 
 746.0 	   57.1 	   59.4 
 746.5 	   67.5 	   55.8 
 747.0 	   63.4 	   51.1 
 747.5 	   60.8 	   58.1 
 748.0 	   55.9 	   47.6 
 748.5 	   41.3 	   44.3 
 749.0 	   63.1 	   32.8 
 749.5 	   66.0 	   56.9 
 750.0 	   52.8 	   58.5 
 750.5 	   47.2 	   53.1 
 751.0 	   36.8 	   47.4 
 751.5 	   51.0 	   61.5 
 752.0 	   57.1 	   57.2 
 752.5 	   58.3 	   50.8 
 753.0 	   62.6 	   39.6 
 753.5 	   56.4 	   59.7 
 754.0 	   56.8 	   55.7 
 754.5 	   55.7 	   56.7 
 755.0 	   51.5 	   52.7 
 755.5 	   64.1 	   59.9 
 756.0 	   51.2 	   41.9 
 756.5 	   61.2 	   47.6 
 757.0 	   55.5 	   55.7 
 757.5 	   60.2 	   60.4 
 758.0 	   57.4 	   55.4 
 758.5 	   59.2 	   61.3 
 759.0 	   50.8 	   50.3 
 759.5 	   60.9 	   61.9 
 760.0 	   60.0 	   55.6 
 760.5 	   64.4 	   58.6 
 761.0 	   54.5 	   38.5 
 761.5 	   57.7 	   60.9 
 762.0 	   62.2 	   55.2 
 762.5 	   58.1 	   51.4 
 763.0 	   54.2 	   55.1 
 763.5 	   60.3 	   62.0 
 764.0 	   64.7 	   49.6 
 764.5 	   59.3 	   50.2 
 765.0 	   59.3 	   41.8 
 765.5 	   63.4 	   64.0 
 766.0 	   59.2 	   51.9 
 766.5 	   55.7 	   54.2 
 767.0 	   55.9 	   47.0 
 767.5 	   56.8 	   61.6 
 768.0 	   62.5 	   49.6 
 768.5 	   64.1 	   57.8 
 769.0 	   51.7 	   53.6 
 769.5 	   65.4 	   55.7 
 770.0 	   45.0 	   54.9 
 770.5 	   58.2 	   55.2 
 771.0 	   44.3 	   46.3 
 771.5 	   53.1 	   60.0 
 772.0 	   55.6 	   55.4 
 772.5 	   52.6 	   57.2 
 773.0 	   54.7 	   55.4 
 773.5 	   47.1 	   60.6 
 774.0 	   56.0 	   57.4 
 774.5 	   60.7 	   55.7 
 775.0 	   64.4 	   57.9 
 775.5 	   58.3 	   63.3 
 776.0 	   64.2 	   54.5 
 776.5 	   54.2 	   60.0 
 777.0 	   61.2 	   51.7 
 777.5 	   62.2 	   61.9 
 778.0 	   57.8 	   49.6 
 778.5 	   61.1 	   58.6 
 779.0 	   41.9 	   51.1 
 779.5 	   54.2 	   59.7 
 780.0 	   47.3 	   46.8 
 780.5 	   57.4 	   55.9 
 781.0 	   58.3 	   49.2 
 781.5 	   59.8 	   58.0 
 782.0 	   62.6 	   46.9 
 782.5 	   63.0 	   58.5 
 783.0 	   59.1 	   51.4 
 783.5 	   55.6 	   60.3 
 784.0 	   53.6 	   56.9 
 784.5 	   56.9 	   57.6 
 785.0 	   64.6 	   49.7 
 785.5 	   63.7 	   59.8 
 786.0 	   61.8 	   57.5 
 786.5 	   54.7 	   54.8 
 787.0 	   56.6 	   50.3 
 787.5 	   63.3 	   61.5 
 788.0 	   61.7 	   46.9 
 788.5 	   54.6 	   45.8 
 789.0 	   57.2 	   59.4 
 789.5 	   46.8 	   62.0 
 790.0 	   57.8 	   53.4 
 790.5 	   58.4 	   51.7 
 791.0 	   60.6 	   47.3 
 791.5 	   63.0 	   61.6 
 792.0 	   64.2 	   54.5 
 792.5 	   61.2 	   54.5 
 793.0 	   57.9 	   57.3 
 793.5 	   46.9 	   61.2 
 794.0 	   46.3 	   56.9 
 794.5 	   56.3 	   58.8 
 795.0 	   54.8 	   47.6 
 795.5 	   63.3 	   62.4 
 796.0 	   60.6 	   55.6 
 796.5 	   44.3 	   42.2 
 797.0 	   59.1 	   56.5 
 797.5 	   58.8 	   61.7 
 798.0 	   59.1 	   57.9 
 798.5 	   56.3 	   31.6 
 799.0 	   57.8 	   49.6 
 799.5 	   60.8 	   62.4 
 800.0 	   58.5 	   50.5 
 800.5 	   61.8 	   47.5 
 801.0 	   59.0 	   54.7 
 801.5 	   60.8 	   60.5 
 802.0 	   60.4 	   55.1 
 802.5 	   60.4 	   54.3 
 803.0 	   50.0 	   51.2 
 803.5 	   52.0 	   62.2 
 804.0 	   55.3 	   58.6 
 804.5 	   60.3 	   48.9 
 805.0 	   58.6 	   47.4 
 805.5 	   59.7 	   62.7 
 806.0 	   57.4 	   58.2 
 806.5 	   59.1 	   51.0 
 807.0 	   48.6 	   53.0 
 807.5 	   59.0 	   61.7 
 808.0 	   56.9 	   58.5 
 808.5 	   49.7 	   52.3 
 809.0 	   57.6 	   53.4 
 809.5 	   59.1 	   60.8 
 810.0 	   55.2 	   63.4 
 810.5 	   60.5 	   47.5 
 811.0 	   56.2 	   51.7 
 811.5 	   63.3 	   61.7 
 812.0 	   53.8 	   56.5 
 812.5 	   62.4 	   51.2 
 813.0 	   60.7 	   56.1 
 813.5 	   59.9 	   58.2 
 814.0 	   51.5 	   57.2 
 814.5 	   61.6 	   58.7 
 815.0 	   52.5 	   56.2 
 815.5 	   58.5 	   62.4 
 816.0 	   48.6 	   60.3 
 816.5 	   56.6 	   59.5 
 817.0 	   51.8 	   57.6 
 817.5 	   55.4 	   60.5 
 818.0 	   56.9 	   56.9 
 818.5 	   59.1 	   60.1 
 819.0 	   58.0 	   55.9 
 819.5 	   57.1 	   58.4 
 820.0 	   51.7 	   60.0 
 820.5 	   59.1 	   59.1 
 821.0 	   58.0 	   52.2 
 821.5 	   48.8 	   56.5 
 822.0 	   49.3 	   61.6 
 822.5 	   42.4 	   60.2 
 823.0 	   55.7 	   59.5 
 823.5 	   57.6 	   59.6 
 824.0 	   56.1 	   59.7 
 824.5 	   60.6 	   56.6 
 825.0 	   54.3 	   58.3 
 825.5 	   53.5 	   63.7 
 826.0 	   56.4 	   61.2 
 826.5 	   58.7 	   57.4 
 827.0 	   58.8 	   54.5 
 827.5 	   55.7 	   57.8 
 828.0 	   59.1 	   60.4 
 828.5 	   59.7 	   55.7 
 829.0 	   58.1 	   51.3 
 829.5 	   53.1 	   59.6 
 830.0 	   55.4 	   59.6 
 830.5 	   56.9 	   48.0 
 831.0 	   56.3 	   54.6 
 831.5 	   49.4 	   58.0 
 832.0 	   54.4 	   61.5 
 832.5 	   59.4 	   52.4 
 833.0 	   58.1 	   59.3 
 833.5 	   54.4 	   57.0 
 834.0 	   57.4 	   58.8 
 834.5 	   59.4 	   56.4 
 835.0 	   60.5 	   58.8 
 835.5 	   47.1 	   57.0 
 836.0 	   56.5 	   61.2 
 836.5 	   61.1 	   60.8 
 837.0 	   63.6 	   50.0 
 837.5 	   45.3 	   57.3 
 838.0 	   61.9 	   63.0 
 838.5 	   62.1 	   53.2 
 839.0 	   60.5 	   58.9 
 839.5 	   47.4 	   61.0 
 840.0 	   54.1 	   58.6 
 840.5 	   53.6 	   57.2 
 841.0 	   55.6 	   48.2 
 841.5 	   53.0 	   52.3 
 842.0 	   56.0 	   65.0 
 842.5 	   55.8 	   61.1 
 843.0 	   60.1 	   51.2 
 843.5 	   48.6 	   61.7 
 844.0 	   54.9 	   63.5 
 844.5 	   55.9 	   59.6 
 845.0 	   59.2 	   52.1 
 845.5 	   52.1 	   57.5 
 846.0 	   59.3 	   63.5 
 846.5 	   56.7 	   58.2 
 847.0 	   51.8 	   54.3 
 847.5 	   36.7 	   61.2 
 848.0 	   58.4 	   63.3 
 848.5 	   55.2 	   58.7 
 849.0 	   57.0 	   53.9 
 849.5 	   47.1 	   58.0 
 850.0 	   58.8 	   59.6 
 850.5 	   49.0 	   63.8 
 851.0 	   52.6 	   54.7 
 851.5 	   47.1 	   59.3 
 852.0 	   51.1 	   61.7 
 852.5 	   56.1 	   55.8 
 853.0 	   59.4 	   57.9 
 853.5 	   48.6 	   53.4 
 854.0 	   60.3 	   63.3 
 854.5 	   57.7 	   59.6 
 855.0 	   51.7 	   58.6 
 855.5 	   55.6 	   60.2 
 856.0 	   61.0 	   60.1 
 856.5 	   56.9 	   60.2 
 857.0 	   54.3 	   38.7 
 857.5 	   52.7 	   60.9 
 858.0 	   63.4 	   61.0 
 858.5 	   58.2 	   59.4 
 859.0 	   43.6 	   54.4 
 859.5 	   57.3 	   59.5 
 860.0 	   60.1 	   58.2 
 860.5 	   50.5 	   57.4 
 861.0 	   60.5 	   61.1 
 861.5 	   51.6 	   60.8 
 862.0 	   61.9 	   65.5 
 862.5 	   58.8 	   64.0 
 863.0 	   55.8 	   52.2 
 863.5 	   58.0 	   57.6 
 864.0 	   64.1 	   63.0 
 864.5 	   52.7 	   61.0 
 865.0 	   58.8 	   51.8 
 865.5 	   48.9 	   58.3 
 866.0 	   64.0 	   59.4 
 866.5 	   51.5 	   64.5 
 867.0 	   54.8 	   58.4 
 867.5 	   45.3 	   57.8 
 868.0 	   57.5 	   62.2 
 868.5 	   54.5 	   58.1 
 869.0 	   59.5 	   52.6 
 869.5 	   50.9 	   55.9 
 870.0 	   60.0 	   62.9 
 870.5 	   55.8 	   64.9 
 871.0 	   59.8 	   59.4 
 871.5 	   55.8 	   59.0 
 872.0 	   60.8 	   60.7 
 872.5 	   63.0 	   62.8 
 873.0 	   53.7 	   59.3 
 873.5 	   53.5 	   57.4 
 874.0 	   58.5 	   60.1 
 874.5 	   60.4 	   63.1 
 875.0 	   58.4 	   55.3 
 875.5 	   62.8 	   59.5 
 876.0 	   63.5 	   59.8 
 876.5 	   50.7 	   59.1 
 877.0 	   49.6 	   62.2 
 877.5 	   59.7 	   59.9 
 878.0 	   63.6 	   59.8 
 878.5 	   52.1 	   64.8 
 879.0 	   58.1 	   60.8 
 879.5 	   57.6 	   56.1 
 880.0 	   64.7 	   57.2 
 880.5 	   57.3 	   64.4 
 881.0 	   63.0 	   61.2 
 881.5 	   56.6 	   59.8 
 882.0 	   62.0 	   59.4 
 882.5 	   62.3 	   65.2 
 883.0 	   49.5 	   59.1 
 883.5 	   46.7 	   55.9 
 884.0 	   63.5 	   60.5 
 884.5 	   58.4 	   61.8 
 885.0 	   51.5 	   59.4 
 885.5 	   57.3 	   56.5 
 886.0 	   62.6 	   52.2 
 886.5 	   59.9 	   63.0 
 887.0 	   50.5 	   58.2 
 887.5 	   57.2 	   52.1 
 888.0 	   60.4 	   50.4 
 888.5 	   56.6 	   61.4 
 889.0 	   57.0 	   63.9 
 889.5 	   60.5 	   60.8 
 890.0 	   64.8 	   54.9 
 890.5 	   58.9 	   63.7 
 891.0 	   64.1 	   49.0 
 891.5 	   57.6 	   43.0 
 892.0 	   63.9 	   55.7 
 892.5 	   58.1 	   65.0 
 893.0 	   60.8 	   60.2 
 893.5 	   51.5 	   60.2 
 894.0 	   62.9 	   57.1 
 894.5 	   59.9 	   65.7 
 895.0 	   61.2 	   59.3 
 895.5 	   55.0 	   52.4 
 896.0 	   61.6 	   56.6 
 896.5 	   58.3 	   64.6 
 897.0 	   59.8 	   55.2 
 897.5 	   54.6 	   56.3 
 898.0 	   60.4 	   62.7 
 898.5 	   60.2 	   63.2 
 899.0 	   60.6 	   57.3 
 899.5 	   47.6 	   44.1 
 900.0 	   62.6 	   51.5 
 900.5 	   53.6 	   65.6 
 901.0 	   54.0 	   52.2 
 901.5 	   58.2 	   51.4 
 902.0 	   64.4 	   60.7 
 902.5 	   59.0 	   63.7 
 903.0 	   59.4 	   61.4 
 903.5 	   58.8 	   57.0 
 904.0 	   61.7 	   56.9 
 904.5 	   56.8 	   60.9 
 905.0 	   59.8 	   53.7 
 905.5 	   59.7 	   60.5 
 906.0 	   62.3 	   55.1 
 906.5 	   56.9 	   64.0 
 907.0 	   52.8 	   53.6 
 907.5 	   57.4 	   50.6 
 908.0 	   62.5 	   49.5 
 908.5 	   61.8 	   66.1 
 909.0 	   57.5 	   57.0 
 909.5 	   52.4 	   55.3 
 910.0 	   54.7 	   52.4 
 910.5 	   60.4 	   62.7 
 911.0 	   51.7 	   55.2 
 911.5 	   58.2 	   51.0 
 912.0 	   59.5 	   56.2 
 912.5 	   58.0 	   65.3 
 913.0 	   58.5 	   59.8 
 913.5 	   57.0 	   58.7 
 914.0 	   58.8 	   46.9 
 914.5 	   53.9 	   62.3 
 915.0 	   59.9 	   59.0 
 915.5 	   54.2 	   58.8 
 916.0 	   57.8 	   54.8 
 916.5 	   60.1 	   64.8 
 917.0 	   56.0 	   51.5 
 917.5 	   52.8 	   56.8 
 918.0 	   60.8 	   36.7 
 918.5 	   59.2 	   62.6 
 919.0 	   54.9 	   51.3 
 919.5 	   55.6 	   56.0 
 920.0 	   58.5 	   54.3 
 920.5 	   53.9 	   62.0 
 921.0 	   49.2 	   53.3 
 921.5 	   48.8 	   50.9 
 922.0 	   58.0 	   44.9 
 922.5 	   52.8 	   63.1 
 923.0 	   61.0 	   53.2 
 923.5 	   56.6 	   45.9 
 924.0 	   56.9 	   50.6 
 924.5 	   60.2 	   64.4 
 925.0 	   56.8 	   58.1 
 925.5 	   52.6 	   51.0 
 926.0 	   59.1 	   53.4 
 926.5 	   50.8 	   62.5 
 927.0 	   45.4 	   46.8 
 927.5 	   59.0 	   50.9 
 928.0 	   50.5 	   54.0 
 928.5 	   53.5 	   59.4 
 929.0 	   52.5 	   46.0 
 929.5 	   61.8 	   56.7 
 930.0 	   46.4 	   52.5 
 930.5 	   57.5 	   62.6 
 931.0 	   44.5 	   57.3 
 931.5 	   56.7 	   56.4 
 932.0 	   52.6 	   47.2 
 932.5 	   55.7 	   62.4 
 933.0 	   50.0 	   51.3 
 933.5 	   54.4 	   53.2 
 934.0 	   50.2 	   53.8 
 934.5 	   61.6 	   60.8 
 935.0 	   50.7 	   53.1 
 935.5 	   49.8 	   53.1 
 936.0 	   56.0 	   50.2 
 936.5 	   55.7 	   60.3 
 937.0 	   48.1 	   54.7 
 937.5 	   55.0 	   54.6 
 938.0 	   56.8 	   57.6 
 938.5 	   55.1 	   61.3 
 939.0 	   49.5 	   51.6 
 939.5 	   55.9 	   52.3 
 940.0 	   54.6 	   54.6 
 940.5 	   52.1 	   58.2 
 941.0 	   48.1 	   52.9 
 941.5 	   52.3 	   57.3 
 942.0 	   45.5 	   50.7 
 942.5 	   45.6 	   64.3 
 943.0 	   54.8 	   54.6 
 943.5 	   34.0 	   48.3 
 944.0 	   44.6 	   50.9 
 944.5 	   48.3 	   61.4 
 945.0 	   57.1 	   60.2 
 945.5 	   58.7 	   51.3 
 946.0 	   59.1 	   59.2 
 946.5 	   54.0 	   58.5 
 947.0 	   49.9 	   48.2 
 947.5 	   56.2 	   49.4 
 948.0 	   53.5 	   55.1 
 948.5 	   58.7 	   58.2 
 949.0 	   49.3 	   48.9 
 949.5 	   45.6 	   55.9 
 950.0 	   49.9 	   53.9 
 950.5 	   41.2 	   61.5 
 951.0 	   56.2 	   48.5 
 951.5 	   57.3 	   50.7 
 952.0 	   50.4 	   59.7 
 952.5 	   50.7 	   63.8 
 953.0 	   52.1 	   47.7 
 953.5 	   59.4 	   52.9 
 954.0 	   53.3 	   58.7 
 954.5 	   47.8 	   60.2 
 955.0 	   51.9 	   45.5 
 955.5 	   56.8 	   41.4 
 956.0 	   60.0 	   58.3 
 956.5 	   48.6 	   59.4 
 957.0 	   45.4 	   50.1 
 957.5 	   51.6 	   50.8 
 958.0 	   56.7 	   59.1 
 958.5 	   49.6 	   53.9 
 959.0 	   51.2 	   55.7 
 959.5 	   54.4 	   53.2 
 960.0 	   54.8 	   57.4 
 960.5 	   53.6 	   61.9 
 961.0 	   47.7 	   58.2 
 961.5 	   57.5 	   52.5 
 962.0 	   56.3 	   62.7 
 962.5 	   58.5 	   60.4 
 963.0 	   54.3 	   56.6 
 963.5 	   54.5 	   44.5 
 964.0 	   56.3 	   59.3 
 964.5 	   53.9 	   52.0 
 965.0 	   57.8 	   50.5 
 965.5 	   59.9 	   43.5 
 966.0 	   59.0 	   59.3 
 966.5 	   58.7 	   54.9 
 967.0 	   56.2 	   34.7 
 967.5 	   57.5 	   57.3 
 968.0 	   61.4 	   53.0 
 968.5 	   55.7 	   56.1 
 969.0 	   55.0 	   49.3 
 969.5 	   55.2 	   50.4 
 970.0 	   59.4 	   62.0 
 970.5 	   56.1 	   58.7 
 971.0 	   53.0 	   39.8 
 971.5 	   63.0 	   51.8 
 972.0 	   63.2 	   57.7 
 972.5 	   59.4 	   60.9 
 973.0 	   58.0 	   57.6 
 973.5 	   57.2 	   53.7 
 974.0 	   64.0 	   60.2 
 974.5 	   59.2 	   58.9 
 975.0 	   51.9 	   51.2 
 975.5 	   52.7 	   56.0 
 976.0 	   62.6 	   58.3 
 976.5 	   41.9 	   55.2 
 977.0 	   59.4 	   54.5 
 977.5 	   55.2 	   54.7 
 978.0 	   62.8 	   59.7 
 978.5 	   43.3 	   52.3 
 979.0 	   64.1 	   39.2 
 979.5 	   60.8 	   59.2 
 980.0 	   63.8 	   56.2 
 980.5 	   54.0 	   53.2 
 981.0 	   57.7 	   57.2 
 981.5 	   59.8 	   57.2 
 982.0 	   64.0 	   54.1 
 982.5 	   58.3 	   62.5 
 983.0 	   57.1 	   44.9 
 983.5 	   54.5 	   56.4 
 984.0 	   60.7 	   53.6 
 984.5 	   59.6 	   57.5 
 985.0 	   58.1 	   43.5 
 985.5 	   54.3 	   52.4 
 986.0 	   62.8 	   58.1 
 986.5 	   45.4 	   55.2 
 987.0 	   59.6 	   56.6 
 987.5 	   62.4 	   42.2 
 988.0 	   63.2 	   60.0 
 988.5 	   45.5 	   54.7 
 989.0 	   61.5 	   53.4 
 989.5 	   50.2 	   51.8 
 990.0 	   64.7 	   59.6 
 990.5 	   44.3 	   50.6 
 991.0 	   54.1 	   47.7 
 991.5 	   50.5 	   52.7 
 992.0 	   65.5 	   62.9 
 992.5 	   60.5 	   57.1 
 993.0 	   55.0 	   48.4 
 993.5 	   56.9 	   53.2 
 994.0 	   64.7 	   61.4 
 994.5 	   47.2 	   57.6 
 995.0 	   53.9 	   56.1 
 995.5 	   56.2 	   58.3 
 996.0 	   65.9 	   55.7 
 996.5 	   58.0 	   55.3 
 997.0 	   56.2 	   57.6 
 997.5 	   53.7 	   48.7 
 998.0 	   60.0 	   59.7 
 998.5 	   49.3 	   56.2 
 999.0 	   63.3 	   52.3 
 999.5 	   52.0 	   57.6 
1000.0 	   63.3 	   50.0 
1000.5 	   50.1 	   56.7 
1001.0 	   50.5 	   53.2 
1001.5 	   29.5 	   56.7 
1002.0 	   64.3 	   61.1 
1002.5 	   48.8 	   57.8 
1003.0 	   54.8 	   43.9 
1003.5 	   54.6 	   46.9 
1004.0 	   64.0 	   61.4 
1004.5 	   51.7 	   49.0 
1005.0 	   55.6 	   52.8 
1005.5 	   59.7 	   40.5 
1006.0 	   63.4 	   58.6 
1006.5 	   53.5 	   51.9 
1007.0 	   57.6 	   51.0 
1007.5 	   58.5 	   46.6 
1008.0 	   65.1 	   60.1 
1008.5 	   50.9 	   50.7 
1009.0 	   52.2 	   47.3 
1009.5 	   58.6 	   57.8 
1010.0 	   60.7 	   62.7 
1010.5 	   59.2 	   56.4 
1011.0 	   56.4 	   54.8 
1011.5 	   54.9 	   54.8 
1012.0 	   63.7 	   57.4 
1012.5 	   49.9 	   53.1 
1013.0 	   59.1 	   45.7 
1013.5 	   56.2 	   55.9 
1014.0 	   62.3 	   66.2 
1014.5 	   47.5 	   51.7 
1015.0 	   53.5 	   59.2 
1015.5 	   49.0 	   48.2 
1016.0 	   64.2 	   62.0 
1016.5 	   52.3 	   60.9 
1017.0 	   59.1 	   44.4 
1017.5 	   49.5 	   45.4 
1018.0 	   61.9 	   62.8 
1018.5 	   46.8 	   51.9 
1019.0 	   57.9 	   55.5 
1019.5 	   51.5 	   58.5 
1020.0 	   63.0 	   62.6 
1020.5 	   46.1 	   41.6 
1021.0 	   55.7 	   41.2 
1021.5 	   55.5 	   51.6 
1022.0 	   61.6 	   57.6 
1022.5 	   57.5 	   54.2 
1023.0 	   59.3 	   48.5 
1023.5 	   51.8 	   58.4 
1024.0 	   61.0 	   59.4 
1024.5 	   60.7 	   55.2 
1025.0 	   59.7 	   53.6 
1025.5 	   52.6 	   56.0 
1026.0 	   60.9 	   63.1 
1026.5 	   59.4 	   56.1 
1027.0 	   59.6 	   55.3 
1027.5 	   48.5 	   58.5 
1028.0 	   63.1 	   63.7 
1028.5 	   53.8 	   53.5 
1029.0 	   58.2 	   53.5 
1029.5 	   55.9 	   58.4 
1030.0 	   58.8 	   61.6 
1030.5 	   53.5 	   56.8 
1031.0 	   55.1 	   56.8 
1031.5 	   58.2 	   51.4 
1032.0 	   62.8 	   58.9 
1032.5 	   55.7 	   51.3 
1033.0 	   50.3 	   58.6 
1033.5 	   57.8 	   50.5 
1034.0 	   61.0 	   56.9 
1034.5 	   44.6 	   49.6 
1035.0 	   56.2 	   45.1 
1035.5 	   53.3 	   58.3 
1036.0 	   58.6 	   56.0 
1036.5 	   54.9 	   48.8 
1037.0 	   46.4 	   58.7 
1037.5 	   57.5 	   60.3 
1038.0 	   59.4 	   57.2 
1038.5 	   58.1 	   56.5 
1039.0 	   54.3 	   61.8 
1039.5 	   43.2 	   60.1 
1040.0 	   65.9 	   59.8 
1040.5 	   51.9 	   58.8 
1041.0 	   58.1 	   55.5 
1041.5 	   50.3 	   60.4 
1042.0 	   62.2 	   56.0 
1042.5 	   50.4 	   57.5 
1043.0 	   48.2 	   49.1 
1043.5 	   51.2 	   56.3 
1044.0 	   64.1 	   54.2 
1044.5 	   42.3 	   56.5 
1045.0 	   46.7 	   50.4 
1045.5 	   60.1 	   59.0 
1046.0 	   58.9 	   62.0 
1046.5 	   47.7 	   44.0 
1047.0 	   52.4 	   53.2 
1047.5 	   60.1 	   53.3 
1048.0 	   58.1 	   61.1 
1048.5 	   50.5 	   43.2 
1049.0 	   51.4 	   49.1 
1049.5 	   55.4 	   61.8 
1050.0 	   62.4 	   59.4 
1050.5 	   51.3 	   46.0 
1051.0 	   47.3 	   45.5 
1051.5 	   51.0 	   59.3 
1052.0 	   60.9 	   56.0 
1052.5 	   54.8 	   54.1 
1053.0 	   53.9 	   61.6 
1053.5 	   53.8 	   58.9 
1054.0 	   60.6 	   51.5 
1054.5 	   47.3 	   52.5 
1055.0 	   45.6 	   54.0 
1055.5 	   58.5 	   56.6 
1056.0 	   60.3 	   54.1 
1056.5 	   34.9 	   43.3 
1057.0 	   57.1 	   58.7 
1057.5 	   56.1 	   39.9 
1058.0 	   60.6 	   62.0 
1058.5 	   56.1 	   51.8 
1059.0 	   53.2 	   54.6 
1059.5 	   52.7 	   57.3 
1060.0 	   60.8 	   51.2 
1060.5 	   34.5 	   54.2 
1061.0 	   49.2 	   58.8 
1061.5 	   54.7 	   62.4 
1062.0 	   62.9 	   54.7 
1062.5 	   56.6 	   56.6 
1063.0 	   42.3 	   52.9 
1063.5 	   61.9 	   57.6 
1064.0 	   60.8 	   52.1 
1064.5 	   52.5 	   49.1 
1065.0 	   47.7 	   60.8 
1065.5 	   59.0 	   58.7 
1066.0 	   62.6 	   55.9 
1066.5 	   51.5 	   49.9 
1067.0 	   56.7 	   60.1 
1067.5 	   50.1 	   61.4 
1068.0 	   60.3 	   61.2 
1068.5 	   56.2 	   41.3 
1069.0 	   48.8 	   59.9 
1069.5 	   56.4 	   54.2 
1070.0 	   59.4 	   61.1 
1070.5 	   62.8 	   53.6 
1071.0 	   45.7 	   61.9 
1071.5 	   59.2 	   54.4 
1072.0 	   62.7 	   48.9 
1072.5 	   57.7 	   47.0 
1073.0 	   55.7 	   57.3 
1073.5 	   56.1 	   53.7 
1074.0 	   59.7 	   55.4 
1074.5 	   56.0 	   57.7 
1075.0 	   55.9 	   57.4 
1075.5 	   55.8 	   56.9 
1076.0 	   62.5 	   58.0 
1076.5 	   56.4 	   51.0 
1077.0 	   46.6 	   64.0 
1077.5 	   57.6 	   61.9 
1078.0 	   61.1 	   51.3 
1078.5 	   59.2 	   48.6 
1079.0 	   52.7 	   61.2 
1079.5 	   60.7 	   57.2 
1080.0 	   61.4 	   59.3 
1080.5 	   50.4 	   55.1 
1081.0 	   55.1 	   45.0 
1081.5 	   55.9 	   51.6 
1082.0 	   60.0 	   56.8 
1082.5 	   57.8 	   54.5 
1083.0 	   57.8 	   54.5 
1083.5 	   57.8 	   57.1 
1084.0 	   64.0 	   57.8 
1084.5 	   55.9 	   53.3 
1085.0 	   50.6 	   58.4 
1085.5 	   53.6 	   48.3 
1086.0 	   60.3 	   49.0 
1086.5 	   54.2 	   45.7 
1087.0 	   44.4 	   60.6 
1087.5 	   57.8 	   49.3 
1088.0 	   61.5 	   42.5 
1088.5 	   58.4 	   50.1 
1089.0 	   53.0 	   62.8 
1089.5 	   59.4 	   62.3 
1090.0 	   51.4 	   35.7 
1090.5 	   55.4 	   54.6 
1091.0 	   40.0 	   54.7 
1091.5 	   59.4 	   63.0 
1092.0 	   58.9 	   53.3 
1092.5 	   46.4 	   57.3 
1093.0 	   42.8 	   61.2 
1093.5 	   51.9 	   56.9 
1094.0 	   62.9 	   54.0 
1094.5 	   57.8 	   57.0 
1095.0 	   52.0 	   58.0 
1095.5 	   56.0 	   58.5 
1096.0 	   57.2 	   52.7 
1096.5 	   57.5 	   52.2 
1097.0 	   46.0 	   58.8 
1097.5 	   62.3 	   40.6 
1098.0 	   62.0 	   56.4 
1098.5 	   58.9 	   56.7 
1099.0 	   48.1 	   59.8 
1099.5 	   59.6 	   46.8 
1100.0 	   57.6 	   49.6 
1100.5 	   55.4 	   62.8 
1101.0 	   54.6 	   62.7 
1101.5 	   57.8 	   50.3 
1102.0 	   59.0 	   57.0 
1102.5 	   60.0 	   51.3 
1103.0 	   58.4 	   59.4 
1103.5 	   54.3 	   54.7 
1104.0 	   44.3 	   51.2 
1104.5 	   62.3 	   52.2 
1105.0 	   48.2 	   56.1 
1105.5 	   58.3 	   58.9 
1106.0 	   32.3 	   50.4 
1106.5 	   58.4 	   52.7 
1107.0 	   39.9 	   61.0 
1107.5 	   49.1 	   52.6 
1108.0 	   61.1 	   50.8 
1108.5 	   56.1 	   58.3 
1109.0 	   42.6 	   56.4 
1109.5 	   55.8 	   56.6 
1110.0 	   61.2 	   63.7 
1110.5 	   55.7 	   52.4 
1111.0 	   43.7 	   54.3 
1111.5 	   52.1 	   61.1 
1112.0 	   57.4 	   61.5 
1112.5 	   60.8 	   58.9 
1113.0 	   55.0 	   59.2 
1113.5 	   55.4 	   61.3 
1114.0 	   57.8 	   62.4 
1114.5 	   55.7 	   57.7 
1115.0 	   57.9 	   54.5 
1115.5 	   51.9 	   53.0 
1116.0 	   58.9 	   58.3 
1116.5 	   54.7 	   52.0 
1117.0 	   44.1 	   54.5 
1117.5 	   62.1 	   58.6 
1118.0 	   50.6 	   63.0 
1118.5 	   50.2 	   58.9 
1119.0 	   51.2 	   52.4 
1119.5 	   60.9 	   55.5 
1120.0 	   47.3 	   56.1 
1120.5 	   59.6 	   43.4 
1121.0 	   52.0 	   53.4 
1121.5 	   50.7 	   53.2 
1122.0 	   53.1 	   51.2 
1122.5 	   48.7 	   59.0 
1123.0 	   44.8 	   46.4 
1123.5 	   45.6 	   54.3 
1124.0 	   59.1 	   45.3 
1124.5 	   59.1 	   56.0 
1125.0 	   55.4 	   59.2 
1125.5 	   60.2 	   46.1 
1126.0 	   57.8 	   58.0 
1126.5 	   39.8 	   53.3 
1127.0 	   58.4 	   52.1 
1127.5 	   63.7 	   44.1 
1128.0 	   56.1 	   60.7 
1128.5 	   54.3 	   62.2 
1129.0 	   43.5 	   42.6 
1129.5 	   59.7 	   61.7 
1130.0 	   39.1 	   54.7 
1130.5 	   56.8 	   59.6 
1131.0 	   57.3 	   41.2 
1131.5 	   60.3 	   61.5 
1132.0 	   55.2 	   59.7 
1132.5 	   47.5 	   42.4 
1133.0 	   46.6 	   52.2 
1133.5 	   57.0 	   56.8 
1134.0 	   60.9 	   53.3 
1134.5 	   57.0 	   43.5 
1135.0 	   57.5 	   55.9 
1135.5 	   59.7 	   43.1 
1136.0 	   61.7 	   55.0 
1136.5 	   52.2 	   52.0 
1137.0 	   56.2 	   53.3 
1137.5 	   64.3 	   52.6 
1138.0 	   50.4 	   57.9 
1138.5 	   53.1 	   49.4 
1139.0 	   53.2 	   54.7 
1139.5 	   50.9 	   53.2 
1140.0 	   63.4 	   58.5 
1140.5 	   54.7 	   56.3 
1141.0 	   56.8 	   60.7 
1141.5 	   54.2 	   60.9 
1142.0 	   60.5 	   53.8 
1142.5 	   52.7 	   64.2 
1143.0 	   44.1 	   56.9 
1143.5 	   62.5 	   58.1 
1144.0 	   58.6 	   59.5 
1144.5 	   48.3 	   57.2 
1145.0 	   51.4 	   61.5 
1145.5 	   61.2 	   58.8 
1146.0 	   54.6 	   60.8 
1146.5 	   46.3 	   52.5 
1147.0 	   38.6 	   60.1 
1147.5 	   56.5 	   59.7 
1148.0 	   58.4 	   59.2 
1148.5 	   57.9 	   53.7 
1149.0 	   53.0 	   60.2 
1149.5 	   57.6 	   50.3 
1150.0 	   59.1 	   57.8 
1150.5 	   52.3 	   63.5 
1151.0 	   48.5 	   56.1 
1151.5 	   59.9 	   56.7 
1152.0 	   59.0 	   59.2 
1152.5 	   52.6 	   64.3 
1153.0 	   59.3 	   50.1 
1153.5 	   56.7 	   52.7 
1154.0 	   41.5 	   50.6 
1154.5 	   53.8 	   49.0 
1155.0 	   55.9 	   54.8 
1155.5 	   61.0 	   56.6 
1156.0 	   52.2 	   55.4 
1156.5 	   53.3 	   51.4 
1157.0 	   56.0 	   55.4 
1157.5 	   55.7 	   57.9 
1158.0 	   61.1 	   58.3 
1158.5 	   60.7 	   56.7 
1159.0 	   58.6 	   62.5 
1159.5 	   49.7 	   53.9 
1160.0 	   62.2 	   51.2 
1160.5 	   47.4 	   62.4 
1161.0 	   57.2 	   53.1 
1161.5 	   57.5 	   57.7 
1162.0 	   56.5 	   55.7 
1162.5 	   50.2 	   60.8 
1163.0 	   41.7 	   58.3 
1163.5 	   55.8 	   53.7 
1164.0 	   57.5 	   63.4 
1164.5 	   53.9 	   53.0 
1165.0 	   54.5 	   62.3 
1165.5 	   47.5 	   61.8 
1166.0 	   57.3 	   57.0 
1166.5 	   52.3 	   63.7 
1167.0 	   56.6 	   53.9 
1167.5 	   47.1 	   61.2 
1168.0 	   58.7 	   59.4 
1168.5 	   53.2 	   56.8 
1169.0 	   60.4 	   51.9 
1169.5 	   61.3 	   64.8 
1170.0 	   53.7 	   60.9 
1170.5 	   54.5 	   50.6 
1171.0 	   60.0 	   61.8 
1171.5 	   44.0 	   57.4 
1172.0 	   58.2 	   60.7 
1172.5 	   47.0 	   58.7 
1173.0 	   53.9 	   62.1 
1173.5 	   58.5 	   56.6 
1174.0 	   60.0 	   57.6 
1174.5 	   55.7 	   53.3 
1175.0 	   59.8 	   57.6 
1175.5 	   50.2 	   60.8 
1176.0 	   59.6 	   59.7 
1176.5 	   51.7 	   58.1 
1177.0 	   58.6 	   65.2 
1177.5 	   54.7 	   62.5 
1178.0 	   59.9 	   61.6 
1178.5 	   61.3 	   53.6 
1179.0 	   59.7 	   45.6 
1179.5 	   52.8 	   50.3 
1180.0 	   52.4 	   54.0 
1180.5 	   61.2 	   58.6 
1181.0 	   55.1 	   59.3 
1181.5 	   54.8 	   62.8 
1182.0 	   55.2 	   60.8 
1182.5 	   49.2 	   50.3 
1183.0 	   46.3 	   60.2 
1183.5 	   55.8 	   52.6 
1184.0 	   60.1 	   62.4 
1184.5 	   59.3 	   55.8 
1185.0 	   56.1 	   51.7 
1185.5 	   54.0 	   55.2 
1186.0 	   60.9 	   55.4 
1186.5 	   55.8 	   49.6 
1187.0 	   54.1 	   58.1 
1187.5 	   51.2 	   60.7 
1188.0 	   49.9 	   49.7 
1188.5 	   62.7 	   53.9 
1189.0 	   54.2 	   60.4 
1189.5 	   54.4 	   53.3 
1190.0 	   60.1 	   53.1 
1190.5 	   62.6 	   56.8 
1191.0 	   58.3 	   59.2 
1191.5 	   55.0 	   53.6 
1192.0 	   54.0 	   58.9 
1192.5 	   56.0 	   60.0 
1193.0 	   56.1 	   52.7 
1193.5 	   47.5 	   61.7 
1194.0 	   50.4 	   51.2 
1194.5 	   56.5 	   51.3 
1195.0 	   44.7 	   50.1 
1195.5 	   50.9 	   52.9 
1196.0 	   50.0 	   48.7 
1196.5 	   58.1 	   55.3 
1197.0 	   56.8 	   49.4 
1197.5 	   46.1 	   61.4 
1198.0 	   58.6 	   60.7 
1198.5 	   47.4 	   48.8 
1199.0 	   55.5 	   61.8 
1199.5 	   54.6 	   61.0 
1200.0 	   56.5 	   62.5 
1200.5 	   46.7 	   47.3 
1201.0 	   53.9 	   59.2 
1201.5 	   57.1 	   49.4 
1202.0 	   60.2 	   61.2 
1202.5 	   58.6 	   57.5 
1203.0 	   57.0 	   59.1 
1203.5 	   59.3 	   55.6 
1204.0 	   57.3 	   58.0 
1204.5 	   60.4 	   60.1 
1205.0 	   46.5 	   54.7 
1205.5 	   63.0 	   60.7 
1206.0 	   39.2 	   60.8 
1206.5 	   59.4 	   49.7 
1207.0 	   48.3 	   62.8 
1207.5 	   29.8 	   49.3 
1208.0 	   53.9 	   58.8 
1208.5 	   59.1 	   47.8 
1209.0 	   58.9 	   61.8 
1209.5 	   51.3 	   59.0 
1210.0 	   39.7 	   62.0 
1210.5 	   57.2 	   63.6 
1211.0 	   60.2 	   58.1 
1211.5 	   59.0 	   61.3 
1212.0 	   56.9 	   51.4 
1212.5 	   44.8 	   55.1 
1213.0 	   56.3 	   58.9 
1213.5 	   50.4 	   60.4 
1214.0 	   45.2 	   52.9 
1214.5 	   57.6 	   52.3 
1215.0 	   52.3 	   33.2 
1215.5 	   56.7 	   59.9 
1216.0 	   49.3 	   46.4 
1216.5 	   55.4 	   57.9 
1217.0 	   59.2 	   53.2 
1217.5 	   53.0 	   51.1 
1218.0 	   42.0 	   50.8 
1218.5 	   60.8 	   60.0 
1219.0 	   56.5 	   56.0 
1219.5 	   57.2 	   56.5 
1220.0 	   52.6 	   59.6 
1220.5 	   54.5 	   54.0 
1221.0 	   60.3 	   58.1 
1221.5 	   57.7 	   60.3 
1222.0 	   53.4 	   57.5 
1222.5 	   58.6 	   50.2 
1223.0 	   55.8 	   60.0 
1223.5 	   60.1 	   44.9 
1224.0 	   54.1 	   55.2 
1224.5 	   58.9 	   51.4 
1225.0 	   53.7 	   61.2 
1225.5 	   44.0 	   64.7 
1226.0 	   55.8 	   54.2 
1226.5 	   40.6 	   58.0 
1227.0 	   60.0 	   52.4 
1227.5 	   56.5 	   46.6 
1228.0 	   61.1 	   49.7 
1228.5 	   57.2 	   52.3 
1229.0 	   62.1 	   59.0 
1229.5 	   62.9 	   49.3 
1230.0 	   55.0 	   59.6 
1230.5 	   60.6 	   62.5 
1231.0 	   49.8 	   58.9 
1231.5 	   61.3 	   56.5 
1232.0 	   54.9 	   50.1 
1232.5 	   61.6 	   61.9 
1233.0 	   55.2 	   62.7 
1233.5 	   60.1 	   56.3 
1234.0 	   51.8 	   56.1 
1234.5 	   55.3 	   50.5 
1235.0 	   60.4 	   59.6 
1235.5 	   60.1 	   59.4 
1236.0 	   55.4 	   54.1 
1236.5 	   48.3 	   50.6 
1237.0 	   59.4 	   49.5 
1237.5 	   58.2 	   45.9 
1238.0 	   49.3 	   47.6 
1238.5 	   58.2 	   59.7 
1239.0 	   47.2 	   53.0 
1239.5 	   53.2 	   48.5 
1240.0 	   54.1 	   58.0 
1240.5 	   57.1 	   52.8 
1241.0 	   58.4 	   55.6 
1241.5 	   52.9 	   62.2 
1242.0 	   52.5 	   48.6 
1242.5 	   59.9 	   57.5 
1243.0 	   61.7 	   54.3 
1243.5 	   56.6 	   59.8 
1244.0 	   58.6 	   56.8 
1244.5 	   50.0 	   48.3 
1245.0 	   59.7 	   44.1 
1245.5 	   55.4 	   58.8 
1246.0 	   57.3 	   58.2 
1246.5 	   59.5 	   51.0 
1247.0 	   43.3 	   58.6 
1247.5 	   60.9 	   48.0 
1248.0 	   54.0 	   56.4 
1248.5 	   55.6 	   58.2 
1249.0 	   58.1 	   56.8 
1249.5 	   48.7 	   56.0 
1250.0 	   56.6 	   55.1 
1250.5 	   49.3 	   58.5 
1251.0 	   58.0 	   54.1 
1251.5 	   50.2 	   61.0 
1252.0 	   46.4 	   54.8 
1252.5 	   52.1 	   55.0 
1253.0 	   60.6 	   63.0 
1253.5 	   41.4 	   57.9 
1254.0 	   54.0 	   59.9 
1254.5 	   58.9 	   60.8 
1255.0 	   54.3 	   52.0 
1255.5 	   59.3 	   53.7 
1256.0 	   52.4 	   54.6 
1256.5 	   53.7 	   52.8 
1257.0 	   58.3 	   51.6 
1257.5 	   57.4 	   55.0 
1258.0 	   53.8 	   61.6 
1258.5 	   50.6 	   56.5 
1259.0 	   59.0 	   61.6 
1259.5 	   56.2 	   52.2 
1260.0 	   55.9 	   60.7 
1260.5 	   46.1 	   56.1 
1261.0 	   59.0 	   59.7 
1261.5 	   57.7 	   56.1 
1262.0 	   53.8 	   48.0 
1262.5 	   50.8 	   53.1 
1263.0 	   58.0 	   52.8 
1263.5 	   52.9 	   48.4 
1264.0 	   48.9 	   58.1 
1264.5 	   53.7 	   46.5 
1265.0 	   51.6 	   57.0 
1265.5 	   55.4 	   61.5 
1266.0 	   50.2 	   57.6 
1266.5 	   54.7 	   47.0 
1267.0 	   58.5 	   58.0 
1267.5 	   39.9 	   52.6 
1268.0 	   56.6 	   47.8 
1268.5 	   51.3 	   56.4 
1269.0 	   57.3 	   60.3 
1269.5 	   54.0 	   56.5 
1270.0 	   61.1 	   57.1 
1270.5 	   51.8 	   53.4 
1271.0 	   54.2 	   39.6 
1271.5 	   53.2 	   59.4 
1272.0 	   40.0 	   54.8 
1272.5 	   54.4 	   56.1 
1273.0 	   57.0 	   42.7 
1273.5 	   56.5 	   52.6 
1274.0 	   58.3 	   50.1 
1274.5 	   56.0 	   53.0 
1275.0 	   56.4 	   60.1 
1275.5 	   56.6 	   58.7 
1276.0 	   63.1 	   57.2 
1276.5 	   56.1 	   52.9 
1277.0 	   57.1 	   41.9 
1277.5 	   44.9 	   55.7 
1278.0 	   56.9 	   60.9 
1278.5 	   45.9 	   55.2 
1279.0 	   60.5 	   52.0 
1279.5 	   43.8 	   41.4 
1280.0 	   41.3 	   56.4 
1280.5 	   55.9 	   56.8 
1281.0 	   52.3 	   50.9 
1281.5 	   55.8 	   51.9 
1282.0 	   45.4 	   56.3 
1282.5 	   51.8 	   62.5 
1283.0 	   54.4 	   57.4 
1283.5 	   40.2 	   48.2 
1284.0 	   60.4 	   56.2 
1284.5 	   56.7 	   51.4 
1285.0 	   42.9 	   38.7 
1285.5 	   33.0 	   52.9 
1286.0 	   60.6 	   47.8 
1286.5 	   54.6 	   55.5 
1287.0 	   54.5 	   53.9 
1287.5 	   42.6 	   63.3 
1288.0 	   41.9 	   53.0 
1288.5 	   45.1 	   46.9 
1289.0 	   52.5 	   56.6 
1289.5 	   54.2 	   54.7 
1290.0 	   56.7 	   53.8 
1290.5 	   54.0 	   56.9 
1291.0 	   41.9 	   33.3 
1291.5 	   52.8 	   49.1 
1292.0 	   59.8 	   53.4 
1292.5 	   58.4 	   51.0 
1293.0 	   53.5 	   57.5 
1293.5 	   57.1 	   54.8 
1294.0 	   56.0 	   52.2 
1294.5 	   50.1 	   51.6 
1295.0 	   56.5 	   46.5 
1295.5 	   56.2 	   54.9 
1296.0 	   52.0 	   53.2 
1296.5 	   48.2 	   48.6 
1297.0 	   49.8 	   53.5 
1297.5 	   45.8 	   46.1 
1298.0 	   54.4 	   57.8 
1298.5 	   54.1 	   61.0 
1299.0 	   47.1 	   57.0 
1299.5 	   53.7 	   57.1 
1300.0 	   56.4 	   56.6 
1300.5 	   56.5 	   55.5 
1301.0 	   59.4 	   59.8 
1301.5 	   58.6 	   45.2 
1302.0 	   62.2 	   47.6 
1302.5 	   60.2 	   43.0 
1303.0 	   59.1 	   51.2 
1303.5 	   57.6 	   58.4 
1304.0 	   53.5 	   50.2 
1304.5 	   51.0 	   54.6 
1305.0 	   59.5 	   54.2 
1305.5 	   59.4 	   51.9 
1306.0 	   57.5 	   29.2 
1306.5 	   40.5 	   46.9 
1307.0 	   55.7 	   56.5 
1307.5 	   56.5 	   56.6 
1308.0 	   53.3 	   52.3 
1308.5 	   61.5 	   57.3 
1309.0 	   57.2 	   57.7 
1309.5 	   57.1 	   59.4 
1310.0 	   59.4 	   55.3 
1310.5 	   57.8 	   58.1 
1311.0 	   64.4 	   50.5 
1311.5 	   62.5 	   45.0 
1312.0 	   60.1 	   39.9 
1312.5 	   49.2 	   55.0 
1313.0 	   63.0 	   58.7 
1313.5 	   59.4 	   40.7 
1314.0 	   52.2 	   55.3 
1314.5 	   39.4 	   44.4 
1315.0 	   38.4 	   61.5 
1315.5 	   52.0 	   53.8 
1316.0 	   54.7 	   54.5 
1316.5 	   58.2 	   54.5 
1317.0 	   58.6 	   62.7 
1317.5 	   49.0 	   56.7 
1318.0 	   57.9 	   52.1 
1318.5 	   61.7 	   45.2 
1319.0 	   61.7 	   53.6 
1319.5 	   59.4 	   57.1 
1320.0 	   60.5 	   43.2 
1320.5 	   60.5 	   36.6 
1321.0 	   59.2 	   46.9 
1321.5 	   61.1 	   48.8 
1322.0 	   60.7 	   47.2 
1322.5 	   54.8 	   46.3 
1323.0 	   58.9 	   40.1 
1323.5 	   62.0 	   58.6 
1324.0 	   42.9 	   53.7 
1324.5 	   57.5 	   43.7 
1325.0 	   51.4 	   53.1 
1325.5 	   62.0 	   53.7 
1326.0 	   62.7 	   59.0 
1326.5 	   60.4 	   46.5 
1327.0 	   58.3 	   51.7 
1327.5 	   63.3 	   57.4 
1328.0 	   60.3 	   55.1 
1328.5 	   64.5 	   50.7 
1329.0 	   61.9 	   48.8 
1329.5 	   61.8 	   59.0 
1330.0 	   57.0 	   48.1 
1330.5 	   60.8 	   49.1 
1331.0 	   65.0 	   47.9 
1331.5 	   56.4 	   53.1 
1332.0 	   57.8 	   59.5 
1332.5 	   53.1 	   53.9 
1333.0 	   52.9 	   51.0 
1333.5 	   57.4 	   48.8 
1334.0 	   51.2 	   45.9 
1334.5 	   63.8 	   57.0 
1335.0 	   59.7 	   54.2 
1335.5 	   65.1 	   54.0 
1336.0 	   57.6 	   56.8 
1336.5 	   64.7 	   49.7 
1337.0 	   64.1 	   61.4 
1337.5 	   56.0 	   31.0 
1338.0 	   62.7 	   49.8 
1338.5 	   59.2 	   46.4 
1339.0 	   63.2 	   55.2 
1339.5 	   55.7 	   37.2 
1340.0 	   58.0 	   56.6 
1340.5 	   57.1 	   61.8 
1341.0 	   61.4 	   56.0 
1341.5 	   58.2 	   51.6 
1342.0 	   61.6 	   52.1 
1342.5 	   51.4 	   54.9 
1343.0 	   50.7 	   48.3 
1343.5 	   55.4 	   49.8 
1344.0 	   59.8 	   54.6 
1344.5 	   57.5 	   52.1 
1345.0 	   53.0 	   54.8 
1345.5 	   58.1 	   56.6 
1346.0 	   57.6 	   53.5 
1346.5 	   58.4 	   49.5 
1347.0 	   59.6 	   59.1 
1347.5 	   59.6 	   54.2 
1348.0 	   50.1 	   59.7 
1348.5 	   58.0 	   58.4 
1349.0 	   61.7 	   51.4 
1349.5 	   51.7 	   43.0 
1350.0 	   55.1 	   51.9 
1350.5 	   49.3 	   50.4 
1351.0 	   50.8 	   51.0 
1351.5 	   56.0 	   41.9 
1352.0 	   58.8 	   58.8 
1352.5 	   58.6 	   42.2 
1353.0 	   56.3 	   58.7 
1353.5 	   56.0 	   57.1 
1354.0 	   55.9 	   49.2 
1354.5 	   60.1 	   57.4 
1355.0 	   63.8 	   51.1 
1355.5 	   62.0 	   45.1 
1356.0 	   48.5 	   44.8 
1356.5 	   58.6 	   58.0 
1357.0 	   62.1 	   44.4 
1357.5 	   57.9 	   47.6 
1358.0 	   54.9 	   56.8 
1358.5 	   50.6 	   53.3 
1359.0 	   52.4 	   52.0 
1359.5 	   46.3 	   54.3 
1360.0 	   60.8 	   59.2 
1360.5 	   52.7 	   60.3 
1361.0 	   58.9 	   60.0 
1361.5 	   57.7 	   49.2 
1362.0 	   60.5 	   52.7 
1362.5 	   59.3 	   54.8 
1363.0 	   58.3 	   57.4 
1363.5 	   58.2 	   58.3 
1364.0 	   55.0 	   57.9 
1364.5 	   60.5 	   50.3 
1365.0 	   53.2 	   30.7 
1365.5 	   59.0 	   39.3 
1366.0 	   49.4 	   55.3 
1366.5 	   60.0 	   38.5 
1367.0 	   54.9 	   42.0 
1367.5 	   54.1 	   50.0 
1368.0 	   57.0 	   56.2 
1368.5 	   55.4 	   46.4 
1369.0 	   53.8 	   58.3 
1369.5 	   45.8 	   54.4 
1370.0 	   56.3 	   56.8 
1370.5 	   58.8 	   50.5 
1371.0 	   60.2 	   49.3 
1371.5 	   60.3 	   51.2 
1372.0 	   53.0 	   58.1 
1372.5 	   53.7 	   53.4 
1373.0 	   58.3 	   58.8 
1373.5 	   57.8 	   30.7 
1374.0 	   53.4 	   50.7 
1374.5 	   46.3 	   54.3 
1375.0 	   55.0 	   56.6 
1375.5 	   54.6 	   48.1 
1376.0 	   56.1 	   44.4 
1376.5 	   60.2 	   54.3 
1377.0 	   49.2 	   56.5 
1377.5 	   48.5 	   33.9 
1378.0 	   49.7 	   51.2 
1378.5 	   59.4 	   49.6 
1379.0 	   60.7 	   60.7 
1379.5 	   55.3 	   50.0 
1380.0 	   58.9 	   51.0 
1380.5 	   53.3 	   58.0 
1381.0 	   53.9 	   48.0 
1381.5 	   56.8 	   54.6 
1382.0 	   49.3 	   54.4 
1382.5 	   50.1 	   57.1 
1383.0 	   55.7 	   55.9 
1383.5 	   56.4 	   58.5 
1384.0 	   57.6 	   56.0 
1384.5 	   60.8 	   56.5 
1385.0 	   60.3 	   53.4 
1385.5 	   59.1 	   53.2 
1386.0 	   59.4 	   59.6 
1386.5 	   60.8 	   54.2 
1387.0 	   52.5 	   55.9 
1387.5 	   58.6 	   53.8 
1388.0 	   52.0 	   50.8 
1388.5 	   61.8 	   55.4 
1389.0 	   62.1 	   54.9 
1389.5 	   55.9 	   59.3 
1390.0 	   48.3 	   54.6 
1390.5 	   60.2 	   55.4 
1391.0 	   59.9 	   58.8 
1391.5 	   53.9 	   50.9 
1392.0 	   56.8 	   47.0 
1392.5 	   54.3 	   59.7 
1393.0 	   51.7 	   58.7 
1393.5 	   58.1 	   56.3 
1394.0 	   61.7 	   55.3 
1394.5 	   52.2 	   56.9 
1395.0 	   58.5 	   52.8 
1395.5 	   58.5 	   57.4 
1396.0 	   56.6 	   53.3 
1396.5 	   60.4 	   55.9 
1397.0 	   54.2 	   48.1 
1397.5 	   55.0 	   56.9 
1398.0 	   52.3 	   53.5 
1398.5 	   49.2 	   58.1 
1399.0 	   57.2 	   62.1 
1399.5 	   45.8 	   47.0 
1400.0 	   51.2 	   53.2 
1400.5 	   58.5 	   45.3 
1401.0 	   55.0 	   55.2 
1401.5 	   58.0 	   52.3 
1402.0 	   55.8 	   49.9 
1402.5 	   55.5 	   56.0 
1403.0 	   52.8 	   55.6 
1403.5 	   58.2 	   55.8 
1404.0 	   47.8 	   57.5 
1404.5 	   56.5 	   51.6 
1405.0 	   55.6 	   52.3 
1405.5 	   61.2 	   55.9 
1406.0 	   57.0 	   51.5 
1406.5 	   59.4 	   53.3 
1407.0 	   59.5 	   49.9 
1407.5 	   55.0 	   57.9 
1408.0 	   54.5 	   55.5 
1408.5 	   50.5 	   52.6 
1409.0 	   58.4 	   52.4 
1409.5 	   57.6 	   58.4 
1410.0 	   53.4 	   46.0 
1410.5 	   58.6 	   39.2 
1411.0 	   57.6 	   57.2 
1411.5 	   65.1 	   52.9 
1412.0 	   61.2 	   55.5 
1412.5 	   57.1 	   54.6 
1413.0 	   59.5 	   33.9 
1413.5 	   53.4 	   52.1 
1414.0 	   40.2 	   54.0 
1414.5 	   53.6 	   47.0 
1415.0 	   54.5 	   63.0 
1415.5 	   51.0 	   55.9 
1416.0 	   55.2 	   62.2 
1416.5 	   50.2 	   55.6 
1417.0 	   59.7 	   46.1 
1417.5 	   50.4 	   42.4 
1418.0 	   53.2 	   54.4 
1418.5 	   54.8 	   50.5 
1419.0 	   52.9 	   41.1 
1419.5 	   60.7 	   58.9 
1420.0 	   44.2 	   58.6 
1420.5 	   51.7 	   46.7 
1421.0 	   47.2 	   55.6 
1421.5 	   59.4 	   56.1 
1422.0 	   48.3 	   43.0 
1422.5 	   49.4 	   33.5 
1423.0 	   54.7 	   56.0 
1423.5 	   60.9 	   53.0 
1424.0 	   48.5 	   57.1 
1424.5 	   50.3 	   60.0 
1425.0 	   50.5 	   54.4 
1425.5 	   55.9 	   57.0 
1426.0 	   53.5 	   53.5 
1426.5 	   51.1 	   52.0 
1427.0 	   45.5 	   50.5 
1427.5 	   58.4 	   47.2 
1428.0 	   58.0 	   53.7 
1428.5 	   34.4 	   48.2 
1429.0 	   58.1 	   56.9 
1429.5 	   57.3 	   45.2 
1430.0 	   53.8 	   49.0 
1430.5 	   49.4 	   49.5 
1431.0 	   56.1 	   55.7 
1431.5 	   54.2 	   44.0 
1432.0 	   57.5 	   55.8 
1432.5 	   51.8 	   56.8 
1433.0 	   50.2 	   54.5 
1433.5 	   55.4 	   44.8 
1434.0 	   51.2 	   53.9 
1434.5 	   57.1 	   55.7 
1435.0 	   58.5 	   56.1 
1435.5 	   55.3 	   48.0 
1436.0 	   36.3 	   41.6 
1436.5 	   59.7 	   56.9 
1437.0 	   51.1 	   53.0 
1437.5 	   57.3 	   62.5 
1438.0 	   55.2 	   56.0 
1438.5 	   52.1 	   55.7 
1439.0 	   59.7 	   50.8 
1439.5 	   63.7 	   51.4 
1440.0 	   46.7 	   59.8 
1440.5 	   46.7 	   44.6 
1441.0 	   45.2 	   55.1 
1441.5 	   60.5 	   51.4 
1442.0 	   53.6 	   53.7 
1442.5 	   49.8 	   54.4 
1443.0 	   53.1 	   50.7 
1443.5 	   55.8 	   56.5 
1444.0 	   60.0 	   47.9 
1444.5 	   40.4 	   55.8 
1445.0 	   55.0 	   61.1 
1445.5 	   57.1 	   52.4 
1446.0 	   57.0 	   56.8 
1446.5 	   56.1 	   51.3 
1447.0 	   57.0 	   55.6 
1447.5 	   50.3 	   55.0 
1448.0 	   59.6 	   49.5 
1448.5 	   54.9 	   49.8 
1449.0 	   53.6 	   59.0 
1449.5 	   55.6 	   48.0 
1450.0 	   40.9 	   49.2 
1450.5 	   58.6 	   48.5 
1451.0 	   51.0 	   51.8 
1451.5 	   47.6 	   57.9 
1452.0 	   46.9 	   53.8 
1452.5 	   58.9 	   55.2 
1453.0 	   45.5 	   53.5 
1453.5 	   52.8 	   52.2 
1454.0 	   60.6 	   49.7 
1454.5 	   56.3 	   56.7 
1455.0 	   48.8 	   54.2 
1455.5 	   58.2 	   56.3 
1456.0 	   49.3 	   54.6 
1456.5 	   55.0 	   51.0 
1457.0 	   58.3 	   47.6 
1457.5 	   44.8 	   52.1 
1458.0 	   52.9 	   54.2 
1458.5 	   55.8 	   55.3 
1459.0 	   39.7 	   59.7 
1459.5 	   45.4 	   57.5 
1460.0 	   54.7 	   55.5 
1460.5 	   57.6 	   47.6 
1461.0 	   50.4 	   61.4 
1461.5 	   58.8 	   59.8 
1462.0 	   55.0 	   55.9 
1462.5 	   59.7 	   54.8 
1463.0 	   58.5 	   54.7 
1463.5 	   55.2 	   59.4 
1464.0 	   55.3 	   43.9 
1464.5 	   57.9 	   55.7 
1465.0 	   57.3 	   57.8 
1465.5 	   56.9 	   47.1 
1466.0 	   53.9 	   39.5 
1466.5 	   56.3 	   58.5 
1467.0 	   56.5 	   43.9 
1467.5 	   55.5 	   55.2 
1468.0 	   57.3 	   53.4 
1468.5 	   54.4 	   29.1 
1469.0 	   54.5 	   57.1 
1469.5 	   46.5 	   54.2 
1470.0 	   56.5 	   60.0 
1470.5 	   53.1 	   60.9 
1471.0 	   53.4 	   50.2 
1471.5 	   53.2 	   49.9 
1472.0 	   53.7 	   57.6 
1472.5 	   57.3 	   46.1 
1473.0 	   49.9 	   46.3 
1473.5 	   55.3 	   60.4 
1474.0 	   57.0 	   57.8 
1474.5 	   54.7 	   58.0 
1475.0 	   51.8 	   59.5 
1475.5 	   48.5 	   53.7 
1476.0 	   46.4 	   50.1 
1476.5 	   61.3 	   54.9 
1477.0 	   57.8 	   54.3 
1477.5 	   54.4 	   55.6 
1478.0 	   53.8 	   59.0 
1478.5 	   57.0 	   49.9 
1479.0 	   53.1 	   52.8 
1479.5 	   54.1 	   58.4 
1480.0 	   55.6 	   54.8 
1480.5 	   59.0 	   53.6 
1481.0 	   48.1 	   56.3 
1481.5 	   57.4 	   39.2 
1482.0 	   55.2 	   51.1 
1482.5 	   51.8 	   59.4 
1483.0 	   54.4 	   52.2 
1483.5 	   50.3 	   56.8 
1484.0 	   64.4 	   53.6 
1484.5 	   46.4 	   55.8 
1485.0 	   56.8 	   52.8 
1485.5 	   24.9 	   56.1 
1486.0 	   57.3 	   59.4 
1486.5 	   60.2 	   51.4 
1487.0 	   52.7 	   55.4 
1487.5 	   47.2 	   49.2 
1488.0 	   55.2 	   55.2 
1488.5 	   50.9 	   44.8 
1489.0 	   56.6 	   44.8 
1489.5 	   49.9 	   51.1 
1490.0 	   56.8 	   53.7 
1490.5 	   53.4 	   54.7 
1491.0 	   57.0 	   58.7 
1491.5 	   57.9 	   54.3 
1492.0 	   55.9 	   57.2 
1492.5 	   53.4 	   45.8 
1493.0 	   53.7 	   35.9 
1493.5 	   45.9 	   45.9 
1494.0 	   53.5 	   49.2 
1494.5 	   54.1 	   46.8 
1495.0 	   58.7 	   55.1 
1495.5 	   50.3 	   59.3 
1496.0 	   58.5 	   43.0 
1496.5 	   48.2 	   54.6 
1497.0 	   45.6 	   53.9 
1497.5 	   54.4 	   47.4 
1498.0 	   50.9 	   54.1 
1498.5 	   59.8 	   49.9 
1499.0 	   45.5 	   45.7 
1499.5 	   49.1 	   51.7 
1500.0 	   49.2 	   57.3 
1500.5 	   38.1 	   59.5 
1501.0 	   54.7 	   55.8 
1501.5 	   58.3 	   52.3 
1502.0 	   57.1 	   47.6 
1502.5 	   54.1 	   59.8 
1503.0 	   47.1 	   39.3 
1503.5 	   60.9 	   52.3 
1504.0 	   57.7 	   60.9 
1504.5 	   47.4 	   56.7 
1505.0 	   56.0 	   51.6 
1505.5 	   57.2 	   57.2 
1506.0 	   58.6 	   61.2 
1506.5 	   48.3 	   56.0 
1507.0 	   36.3 	   51.2 
1507.5 	   54.8 	   56.8 
1508.0 	   52.2 	   59.6 
1508.5 	   57.6 	   54.1 
1509.0 	   48.1 	   52.4 
1509.5 	   55.0 	   55.1 
1510.0 	   55.6 	   61.0 
1510.5 	   55.5 	   52.5 
1511.0 	   50.3 	   56.1 
1511.5 	   58.2 	   49.4 
1512.0 	   52.2 	   54.3 
1512.5 	   51.7 	   58.0 
1513.0 	   48.8 	   57.6 
1513.5 	   48.9 	   53.7 
1514.0 	   59.3 	   57.5 
1514.5 	   49.2 	   51.3 
1515.0 	   49.3 	   56.3 
1515.5 	   56.9 	   61.9 
1516.0 	   62.9 	   52.4 
1516.5 	   50.1 	   59.1 
1517.0 	   56.1 	   46.1 
1517.5 	   42.0 	   59.9 
1518.0 	   59.7 	   45.6 
1518.5 	   47.3 	   58.2 
1519.0 	   52.9 	   60.0 
1519.5 	   56.3 	   51.7 
1520.0 	   61.6 	   65.1 
1520.5 	   50.3 	   53.8 
1521.0 	   53.7 	   40.6 
1521.5 	   40.0 	   53.1 
1522.0 	   59.3 	   58.5 
1522.5 	   30.1 	   51.0 
1523.0 	   51.5 	   61.5 
1523.5 	   56.4 	   61.7 
1524.0 	   58.5 	   53.7 
1524.5 	   54.4 	   61.8 
1525.0 	   50.2 	   58.8 
1525.5 	   57.9 	   55.7 
1526.0 	   57.7 	   47.1 
1526.5 	   53.0 	   52.9 
1527.0 	   55.2 	   56.0 
1527.5 	   51.2 	   53.2 
1528.0 	   56.0 	   60.4 
1528.5 	   55.6 	   60.3 
1529.0 	   54.8 	   48.1 
1529.5 	   50.5 	   53.6 
1530.0 	   47.8 	   56.3 
1530.5 	   50.6 	   47.2 
1531.0 	   49.6 	   61.1 
1531.5 	   49.9 	   58.7 
1532.0 	   58.1 	   60.4 
1532.5 	   41.4 	   47.9 
1533.0 	   46.3 	   63.0 
1533.5 	   48.0 	   55.3 
1534.0 	   55.0 	   61.4 
1534.5 	   56.7 	   59.8 
1535.0 	   51.7 	   58.3 
1535.5 	   44.6 	   55.4 
1536.0 	   53.0 	   52.3 
1536.5 	   42.9 	   56.1 
1537.0 	   52.2 	   51.3 
1537.5 	   55.2 	   56.9 
1538.0 	   54.0 	   52.5 
1538.5 	   51.1 	   43.9 
1539.0 	   56.8 	   54.3 
1539.5 	   57.6 	   59.1 
1540.0 	   57.8 	   58.0 
1540.5 	   51.0 	   54.5 
1541.0 	   53.6 	   61.6 
1541.5 	   45.3 	   50.5 
1542.0 	   51.4 	   54.4 
1542.5 	   50.3 	   42.3 
1543.0 	   54.1 	   49.7 
1543.5 	   56.2 	   53.8 
1544.0 	   52.6 	   53.5 
1544.5 	   59.5 	   47.7 
1545.0 	   53.0 	   53.0 
1545.5 	   57.0 	   58.9 
1546.0 	   47.0 	   52.2 
1546.5 	   53.4 	   57.0 
1547.0 	   51.8 	   58.9 
1547.5 	   56.6 	   63.1 
1548.0 	   56.0 	   56.6 
1548.5 	   51.3 	   57.4 
1549.0 	   59.4 	   63.4 
1549.5 	   53.2 	   55.1 
1550.0 	   56.6 	   48.1 
1550.5 	   50.5 	   56.2 
1551.0 	   44.3 	   58.6 
1551.5 	   54.5 	   51.6 
1552.0 	   55.7 	   55.6 
1552.5 	   57.0 	   49.9 
1553.0 	   58.3 	   57.4 
1553.5 	   59.6 	   47.8 
1554.0 	   33.5 	   49.9 
1554.5 	   56.2 	   48.5 
1555.0 	   51.1 	   54.8 
1555.5 	   52.2 	   50.9 
1556.0 	   54.8 	   46.9 
1556.5 	   55.0 	   51.5 
1557.0 	   54.8 	   58.3 
1557.5 	   51.9 	   51.9 
1558.0 	   40.7 	   61.4 
1558.5 	   57.2 	   48.3 
1559.0 	   55.7 	   54.5 
1559.5 	   60.3 	   56.9 
1560.0 	   58.1 	   47.6 
1560.5 	   57.0 	   46.0 
1561.0 	   48.2 	   60.2 
1561.5 	   56.4 	   37.6 
1562.0 	   57.4 	   56.8 
1562.5 	   59.2 	   47.3 
1563.0 	   59.6 	   51.8 
1563.5 	   55.7 	   45.2 
1564.0 	   53.5 	   52.0 
1564.5 	   46.7 	   52.4 
1565.0 	   41.2 	   51.2 
1565.5 	   57.1 	   47.9 
1566.0 	   58.2 	   50.5 
1566.5 	   51.0 	   58.0 
1567.0 	   54.9 	   51.6 
1567.5 	   52.9 	   51.6 
1568.0 	   51.1 	   54.6 
1568.5 	   49.6 	   42.0 
1569.0 	   59.5 	   53.0 
1569.5 	   54.4 	   50.2 
1570.0 	   51.8 	   60.7 
1570.5 	   47.1 	   57.9 
1571.0 	   55.7 	   56.1 
1571.5 	   56.5 	   47.4 
1572.0 	   41.0 	   51.4 
1572.5 	   53.3 	   48.1 
1573.0 	   53.5 	   40.1 
1573.5 	   56.4 	   51.8 
1574.0 	   57.1 	   57.1 
1574.5 	   46.9 	   59.7 
1575.0 	   50.4 	   34.7 
1575.5 	   59.1 	   33.8 
1576.0 	   55.2 	   57.0 
1576.5 	   41.3 	   53.8 
1577.0 	   50.3 	   48.6 
1577.5 	   58.8 	   46.2 
1578.0 	   50.4 	   54.4 
1578.5 	   53.3 	   54.6 
1579.0 	   57.6 	   57.5 
1579.5 	   59.0 	   55.1 
1580.0 	   54.1 	   51.9 
1580.5 	   47.3 	   55.2 
1581.0 	   48.2 	   53.8 
1581.5 	   51.1 	   56.8 
1582.0 	   58.9 	   58.3 
1582.5 	   50.3 	   49.3 
1583.0 	   53.8 	   56.4 
1583.5 	   55.2 	   51.4 
1584.0 	   52.9 	   47.7 
1584.5 	   50.4 	   52.8 
1585.0 	   49.4 	   54.2 
1585.5 	   57.3 	   51.3 
1586.0 	   58.5 	   51.4 
1586.5 	   47.6 	   55.6 
1587.0 	   58.6 	   52.0 
1587.5 	   53.3 	   57.0 
1588.0 	   56.4 	   51.7 
1588.5 	   39.9 	   53.2 
1589.0 	   53.3 	   55.4 
1589.5 	   50.4 	   50.1 
1590.0 	   55.8 	   44.4 
1590.5 	   45.7 	   55.4 
1591.0 	   62.0 	   54.2 
1591.5 	   56.0 	   49.8 
1592.0 	   55.6 	   51.4 
1592.5 	   55.3 	   48.8 
1593.0 	   53.9 	   54.3 
1593.5 	   53.2 	   54.8 
1594.0 	   61.0 	   45.4 
1594.5 	   52.7 	   51.9 
1595.0 	   53.0 	   52.4 
1595.5 	   48.4 	   44.5 
1596.0 	   55.8 	   54.0 
1596.5 	   53.6 	   52.3 
1597.0 	   58.9 	   38.4 
1597.5 	   54.1 	   44.2 
1598.0 	   51.3 	   54.7 
1598.5 	   47.1 	   57.8 
1599.0 	   61.6 	   44.8 
1599.5 	   57.6 	   48.2 
1600.0 	   48.2 	   36.5 
1600.5 	   52.0 	   56.9 
1601.0 	   42.6 	   51.9 
1601.5 	   50.0 	   46.1 
1602.0 	   50.5 	   45.3 
1602.5 	   59.9 	   50.2 
1603.0 	   51.4 	   42.2 
1603.5 	   58.4 	   58.8 
1604.0 	   53.6 	   44.4 
1604.5 	   45.8 	   51.6 
1605.0 	   45.9 	   52.6 
1605.5 	   54.8 	   53.0 
1606.0 	   58.6 	   42.8 
1606.5 	   52.8 	   52.2 
1607.0 	   56.2 	   41.6 
1607.5 	   51.0 	   52.6 
1608.0 	   60.7 	   51.9 
1608.5 	   52.6 	   46.5 
1609.0 	   25.7 	   52.2 
1609.5 	   51.6 	   55.1 
1610.0 	   54.3 	   56.5 
1610.5 	   57.4 	   56.6 
1611.0 	   53.3 	   57.6 
1611.5 	   52.9 	   45.1 
1612.0 	   55.0 	   56.4 
1612.5 	   47.5 	   49.2 
1613.0 	   56.2 	   48.7 
1613.5 	   51.0 	   50.4 
1614.0 	   50.9 	   38.8 
1614.5 	   53.4 	   57.1 
1615.0 	   57.5 	   45.2 
1615.5 	   60.4 	   52.9 
1616.0 	   53.9 	   46.2 
1616.5 	   39.4 	   50.7 
1617.0 	   47.5 	   44.6 
1617.5 	   51.2 	   55.4 
1618.0 	   57.1 	   46.2 
1618.5 	   44.7 	   56.4 
1619.0 	   53.4 	   45.5 
1619.5 	   41.8 	   52.7 
1620.0 	   53.0 	   50.0 
1620.5 	   54.2 	   44.6 
1621.0 	   52.9 	   54.0 
1621.5 	   50.8 	   47.2 
1622.0 	   56.1 	   53.8 
1622.5 	   59.7 	   46.9 
1623.0 	   46.6 	   51.6 
1623.5 	   54.7 	   56.1 
1624.0 	   55.5 	   50.8 
1624.5 	   54.1 	   48.5 
1625.0 	   51.1 	   45.0 
1625.5 	   40.0 	   41.6 
1626.0 	   51.4 	   54.1 
1626.5 	   53.3 	   45.9 
1627.0 	   52.1 	   54.2 
1627.5 	   55.1 	   55.6 
1628.0 	   49.9 	   58.1 
1628.5 	   55.3 	   48.3 
1629.0 	   49.1 	   50.5 
1629.5 	   50.5 	   53.0 
1630.0 	   53.4 	   58.3 
1630.5 	   56.8 	   50.6 
1631.0 	   54.2 	   53.3 
1631.5 	   56.7 	   52.4 
1632.0 	   53.6 	   56.2 
1632.5 	   48.7 	   56.7 
1633.0 	   49.8 	   46.0 
1633.5 	   59.3 	   55.1 
1634.0 	   51.2 	   52.4 
1634.5 	   42.9 	   51.1 
1635.0 	   49.3 	   46.9 
1635.5 	   54.9 	   46.9 
1636.0 	   41.2 	   50.6 
1636.5 	   53.2 	   52.2 
1637.0 	   58.0 	   50.4 
1637.5 	   52.8 	   52.5 
1638.0 	   38.6 	   54.9 
1638.5 	   29.6 	   45.4 
1639.0 	   47.4 	   50.6 
1639.5 	   50.3 	   46.6 
1640.0 	   53.5 	   55.7 
1640.5 	   51.7 	   55.6 
1641.0 	   59.5 	   31.6 
1641.5 	   55.0 	   56.4 
1642.0 	   43.4 	   51.7 
1642.5 	   47.7 	   41.3 
1643.0 	   45.6 	   50.4 
1643.5 	   57.3 	   47.2 
1644.0 	   59.3 	   56.1 
1644.5 	   47.8 	   41.8 
1645.0 	   58.0 	   50.0 
1645.5 	   62.2 	   54.9 
1646.0 	   55.7 	   47.3 
1646.5 	   50.2 	   53.4 
1647.0 	   54.1 	   48.6 
1647.5 	   58.4 	   45.9 
1648.0 	   42.7 	   51.9 
1648.5 	   56.8 	   53.6 
1649.0 	   48.9 	   54.5 
1649.5 	   52.6 	   51.7 
1650.0 	   44.1 	   47.2 
1650.5 	   48.6 	   42.1 
1651.0 	   51.4 	   57.3 
1651.5 	   50.8 	   53.0 
1652.0 	   59.8 	   48.5 
1652.5 	   45.6 	   49.3 
1653.0 	   56.3 	   52.0 
1653.5 	   58.9 	   48.2 
1654.0 	   55.1 	   56.8 
1654.5 	   51.9 	   51.5 
1655.0 	   52.0 	   52.4 
1655.5 	   48.2 	   58.0 
1656.0 	   52.6 	   58.5 
1656.5 	   55.4 	   53.4 
1657.0 	   54.0 	   47.4 
1657.5 	   55.0 	   60.3 
1658.0 	   46.7 	   54.1 
1658.5 	   46.7 	   50.0 
1659.0 	   53.3 	   57.6 
1659.5 	   53.1 	   50.5 
1660.0 	   51.2 	   53.6 
1660.5 	   52.1 	   54.1 
1661.0 	   51.9 	   55.7 
1661.5 	   52.3 	   55.6 
1662.0 	   56.3 	   53.8 
1662.5 	   54.2 	   50.8 
1663.0 	   50.4 	   58.6 
1663.5 	   47.7 	   52.4 
1664.0 	   49.6 	   58.2 
1664.5 	   51.1 	   58.6 
1665.0 	   58.0 	   56.2 
1665.5 	   59.6 	   42.8 
1666.0 	   42.4 	   52.1 
1666.5 	   49.9 	   40.4 
1667.0 	   57.8 	   58.4 
1667.5 	   35.3 	   58.0 
1668.0 	   57.1 	   55.7 
1668.5 	   47.5 	   58.7 
1669.0 	   46.7 	   48.1 
1669.5 	   49.8 	   45.0 
1670.0 	   58.3 	   56.8 
1670.5 	   49.7 	   53.3 
1671.0 	   55.4 	   45.5 
1671.5 	   49.9 	   47.5 
1672.0 	   54.2 	   51.5 
1672.5 	   44.5 	   54.5 
1673.0 	   53.1 	   50.9 
1673.5 	   56.4 	   48.1 
1674.0 	   55.3 	   54.4 
1674.5 	   48.0 	   53.2 
1675.0 	   54.5 	   53.0 
1675.5 	   52.6 	   50.3 
1676.0 	   54.7 	   49.5 
1676.5 	   57.5 	   51.1 
1677.0 	   49.6 	   47.4 
1677.5 	   37.2 	   53.5 
1678.0 	   54.3 	   57.2 
1678.5 	   55.7 	   53.1 
1679.0 	   50.8 	   48.6 
1679.5 	   44.4 	   52.6 
1680.0 	   53.2 	   47.5 
1680.5 	   49.2 	   49.4 
1681.0 	   58.8 	   50.6 
1681.5 	   52.6 	   50.7 
1682.0 	   55.0 	   56.3 
1682.5 	   45.1 	   53.1 
1683.0 	   58.4 	   50.3 
1683.5 	   53.6 	   57.2 
1684.0 	   44.3 	   48.5 
1684.5 	   53.4 	   49.8 
1685.0 	   45.9 	   56.3 
1685.5 	   51.0 	   49.5 
1686.0 	   49.5 	   49.9 
1686.5 	   55.5 	   43.9 
1687.0 	   55.5 	   59.3 
1687.5 	   56.5 	   53.3 
1688.0 	   52.7 	   50.5 
1688.5 	   53.8 	   54.5 
1689.0 	   47.4 	   53.3 
1689.5 	   52.6 	   52.2 
1690.0 	   51.9 	   59.3 
1690.5 	   52.2 	   54.4 
1691.0 	   57.1 	   50.7 
1691.5 	   50.9 	   55.6 
1692.0 	   50.9 	   43.0 
1692.5 	   53.1 	   50.5 
1693.0 	   52.4 	   48.2 
1693.5 	   40.3 	   56.0 
1694.0 	   58.0 	   52.7 
1694.5 	   47.3 	   52.3 
1695.0 	   47.0 	   52.0 
1695.5 	   59.4 	   54.8 
1696.0 	   58.2 	   48.7 
1696.5 	   52.0 	   51.6 
1697.0 	   56.4 	   55.9 
1697.5 	   55.1 	   51.8 
1698.0 	   48.3 	   44.7 
1698.5 	   37.7 	   49.5 
1699.0 	   51.8 	   53.3 
1699.5 	   55.2 	   45.8 
1700.0 	   56.8 	   48.5 
1700.5 	   52.0 	   55.4 
1701.0 	   57.7 	   52.9 
1701.5 	   56.0 	   51.3 
1702.0 	   54.7 	   52.8 
1702.5 	   53.8 	   49.8 
1703.0 	   52.0 	   57.3 
1703.5 	   59.6 	   55.6 
1704.0 	   46.3 	   52.8 
1704.5 	   55.9 	   39.4 
1705.0 	   45.7 	   50.5 
1705.5 	   58.7 	   51.2 
1706.0 	   44.8 	   52.2 
1706.5 	   55.2 	   55.4 
1707.0 	   50.7 	   57.7 
1707.5 	   59.4 	   48.0 
1708.0 	   52.7 	   51.9 
1708.5 	   48.1 	   55.1 
1709.0 	   54.8 	   45.5 
1709.5 	   55.7 	   52.1 
1710.0 	   42.4 	   52.3 
1710.5 	   47.3 	   48.0 
1711.0 	   53.4 	   56.1 
1711.5 	   53.5 	   59.2 
1712.0 	   56.0 	   50.6 
1712.5 	   58.7 	   53.0 
1713.0 	   50.2 	   53.2 
1713.5 	   53.7 	   53.4 
1714.0 	   37.9 	   49.1 
1714.5 	   57.8 	   46.2 
1715.0 	   48.1 	   45.2 
1715.5 	   53.9 	   43.7 
1716.0 	   50.1 	   50.8 
1716.5 	   53.7 	   46.4 
1717.0 	   53.9 	   54.2 
1717.5 	   58.3 	   56.6 
1718.0 	   55.4 	   41.0 
1718.5 	   55.5 	   52.3 
1719.0 	   49.6 	   50.5 
1719.5 	   56.8 	   51.9 
1720.0 	   55.6 	   50.0 
1720.5 	   55.7 	   53.7 
1721.0 	   41.9 	   58.0 
1721.5 	   54.2 	   52.7 
1722.0 	   53.7 	   43.0 
1722.5 	   49.3 	   39.0 
1723.0 	   39.9 	   54.8 
1723.5 	   55.7 	   50.9 
1724.0 	   47.4 	   43.9 
1724.5 	   50.6 	   50.9 
1725.0 	   52.4 	   45.8 
1725.5 	   47.2 	   51.8 
1726.0 	   53.8 	   46.7 
1726.5 	   52.7 	   51.3 
1727.0 	   53.2 	   41.9 
1727.5 	   45.1 	   54.5 
1728.0 	   52.8 	   45.4 
1728.5 	   52.5 	   55.5 
1729.0 	   55.7 	   44.9 
1729.5 	   58.1 	   43.2 
1730.0 	   45.8 	   52.4 
1730.5 	   56.2 	   50.5 
1731.0 	   51.6 	   53.1 
1731.5 	   53.5 	   48.7 
1732.0 	   52.8 	   57.8 
1732.5 	   55.4 	   51.2 
1733.0 	   45.1 	   47.5 
1733.5 	   52.7 	   49.9 
1734.0 	   56.5 	   47.7 
1734.5 	   51.0 	   57.7 
1735.0 	   50.9 	   50.6 
1735.5 	   46.4 	   52.0 
1736.0 	   34.3 	   41.6 
1736.5 	   50.9 	   50.9 
1737.0 	   51.9 	   56.1 
1737.5 	   37.1 	   47.8 
1738.0 	   54.4 	   46.0 
1738.5 	   52.7 	   56.2 
1739.0 	   49.7 	   57.9 
1739.5 	   56.8 	   51.7 
1740.0 	   56.5 	   54.5 
1740.5 	   52.2 	   55.9 
1741.0 	   45.4 	   46.2 
1741.5 	   53.5 	   53.5 
1742.0 	   56.4 	   54.2 
1742.5 	   30.4 	   60.1 
1743.0 	   50.8 	   44.8 
1743.5 	   46.2 	   57.0 
1744.0 	   59.4 	   51.9 
1744.5 	   48.6 	   57.8 
1745.0 	   51.8 	   53.2 
1745.5 	   48.1 	   56.1 
1746.0 	   46.0 	   49.5 
1746.5 	   55.8 	   46.0 
1747.0 	   49.4 	   55.0 
1747.5 	   49.3 	   48.1 
1748.0 	   55.5 	   51.4 
1748.5 	   44.7 	   52.8 
1749.0 	   53.8 	   58.9 
1749.5 	   44.6 	   49.3 
1750.0 	   37.2 	   45.1 
1750.5 	   49.2 	   45.3 
1751.0 	   48.8 	   57.9 
1751.5 	   55.7 	   40.5 
1752.0 	   58.1 	   53.7 
1752.5 	   52.5 	   59.2 
1753.0 	   45.5 	   56.8 
1753.5 	   45.4 	   52.1 
1754.0 	   56.8 	   55.3 
1754.5 	   55.3 	   45.2 
1755.0 	   42.7 	   46.1 
1755.5 	   45.5 	   50.5 
1756.0 	   54.7 	   56.6 
1756.5 	   53.9 	   55.5 
1757.0 	   52.5 	   52.7 
1757.5 	   56.2 	   59.4 
1758.0 	   49.5 	   45.9 
1758.5 	   49.1 	   40.9 
1759.0 	   53.6 	   50.8 
1759.5 	   47.8 	   53.7 
1760.0 	   52.0 	   57.3 
1760.5 	   53.3 	   53.9 
1761.0 	   56.0 	   54.1 
1761.5 	   55.3 	   55.7 
1762.0 	   52.2 	   50.9 
1762.5 	   56.2 	   55.8 
1763.0 	   48.9 	   50.1 
1763.5 	   50.5 	   58.9 
1764.0 	   44.2 	   59.2 
1764.5 	   51.3 	   60.4 
1765.0 	   54.7 	   50.4 
1765.5 	   52.4 	   52.4 
1766.0 	   46.8 	   41.2 
1766.5 	   46.4 	   42.8 
1767.0 	   53.4 	   54.1 
1767.5 	   56.0 	   50.5 
1768.0 	   44.1 	   48.1 
1768.5 	   51.7 	   61.2 
1769.0 	   51.7 	   54.2 
1769.5 	   53.5 	   59.5 
1770.0 	   48.3 	   50.3 
1770.5 	   58.8 	   54.1 
1771.0 	   51.4 	   58.0 
1771.5 	   56.5 	   49.8 
1772.0 	   58.7 	   55.2 
1772.5 	   59.1 	   52.1 
1773.0 	   44.9 	   43.9 
1773.5 	   54.6 	   53.4 
1774.0 	   41.4 	   58.3 
1774.5 	   42.1 	   50.4 
1775.0 	   52.4 	   55.0 
1775.5 	   49.3 	   52.9 
1776.0 	   58.3 	   53.3 
1776.5 	   48.6 	   42.8 
1777.0 	   51.5 	   56.2 
1777.5 	   49.8 	   51.1 
1778.0 	   61.4 	   58.1 
1778.5 	   51.2 	   42.5 
1779.0 	   53.1 	   50.0 
1779.5 	   54.6 	   51.3 
1780.0 	   51.1 	   59.6 
1780.5 	   58.0 	   46.5 
1781.0 	   46.6 	   52.6 
1781.5 	   56.3 	   53.5 
1782.0 	   36.1 	   52.7 
1782.5 	   52.3 	   49.0 
1783.0 	   46.2 	   49.0 
1783.5 	   39.4 	   58.3 
1784.0 	   52.6 	   59.4 
1784.5 	   48.3 	   58.4 
1785.0 	   55.4 	   46.9 
1785.5 	   51.0 	   51.2 
1786.0 	   46.2 	   56.7 
1786.5 	   40.2 	   43.8 
1787.0 	   54.4 	   57.8 
1787.5 	   56.4 	   55.9 
1788.0 	   58.2 	   55.9 
1788.5 	   49.6 	   36.8 
1789.0 	   38.8 	   52.1 
1789.5 	   53.6 	   59.1 
1790.0 	   56.6 	   55.0 
1790.5 	   46.7 	   58.8 
1791.0 	   56.2 	   41.2 
1791.5 	   50.0 	   44.3 
1792.0 	   51.9 	   51.5 
1792.5 	   52.1 	   54.9 
1793.0 	   48.9 	   45.7 
1793.5 	   44.7 	   46.9 
1794.0 	   54.8 	   55.4 
1794.5 	   52.3 	   45.0 
1795.0 	   46.2 	   61.3 
1795.5 	   51.7 	   50.7 
1796.0 	   53.4 	   58.5 
1796.5 	   43.8 	   51.5 
1797.0 	   41.5 	   50.7 
1797.5 	   55.7 	   54.7 
1798.0 	   57.9 	   51.9 
1798.5 	   56.1 	   47.3 
1799.0 	   51.0 	   55.0 
1799.5 	   54.0 	   49.5 
1800.0 	   33.2 	   57.3 
